700 9000
654 597
422 683
245 267
660 18
92 21
79 591
553 126
598 507
83 217
585 41
435 357
13 660
221 259
430 694
613 645
460 253
476 245
402 471
421 696
404 677
114 41
263 84
64 485
367 199
390 144
488 509
115 160
206 420
198 55
464 448
676 575
441 530
621 477
194 469
519 210
23 566
628 14
444 540
358 291
504 294
554 246
546 62
619 574
365 92
441 366
122 159
10 38
440 217
52 438
528 653
286 585
330 142
317 160
500 239
67 560
74 677
447 527
620 474
546 239
337 652
306 585
317 308
17 205
507 183
314 39
398 70
472 40
27 105
138 369
65 418
121 620
408 291
201 407
56 336
19 49
81 536
160 581
489 504
190 571
136 494
446 267
680 260
87 93
508 499
19 114
131 307
644 146
107 193
109 67
378 152
538 543
490 51
270 687
377 16
373 690
129 689
95 545
615 163
48 600
565 251
53 59
550 38
576 487
674 239
80 316
532 420
91 413
288 517
470 630
25 111
103 11
36 1
538 613
639 411
78 334
330 357
286 70
308 648
440 641
426 150
658 272
624 310
362 456
33 592
549 286
446 695
219 133
114 422
385 575
401 685
55 390
551 81
477 52
105 467
133 621
39 437
644 685
569 528
503 415
288 214
572 544
143 632
638 665
527 600
45 627
265 164
288 177
316 379
470 505
212 285
23 425
181 567
488 690
196 29
633 678
312 340
480 698
261 240
236 315
563 398
575 481
85 688
136 11
469 94
237 230
29 321
246 121
80 543
304 574
59 694
509 667
382 445
195 153
667 61
16 370
678 466
466 362
352 10
548 79
74 619
466 473
392 540
581 512
264 202
655 247
189 149
10 291
238 575
407 698
41 222
295 174
172 78
338 660
43 597
632 473
579 342
661 471
459 141
473 523
637 204
29 208
671 672
337 513
677 276
79 699
412 396
621 260
217 458
211 668
116 281
664 694
563 418
71 101
687 572
25 266
507 625
482 265
292 123
602 150
509 317
111 557
83 450
405 212
113 504
513 446
23 102
227 10
440 457
630 497
586 629
258 463
125 176
407 205
693 568
92 589
563 650
171 77
170 380
284 169
387 690
385 151
158 601
661 696
596 197
684 649
575 129
660 529
13 362
94 130
101 649
404 524
218 606
4 613
78 86
657 48
281 481
477 673
180 57
84 537
332 143
612 659
499 659
531 574
697 647
57 367
172 153
158 555
316 31
448 327
375 252
502 388
125 389
679 189
18 382
690 44
649 246
511 41
157 659
302 430
694 687
31 104
199 505
694 103
396 511
113 541
512 699
697 433
56 306
294 388
358 293
628 94
461 588
347 305
137 182
105 322
657 210
320 17
586 419
239 364
541 275
250 461
505 631
46 549
62 51
450 448
456 453
281 282
685 655
537 697
224 678
418 374
40 207
600 358
295 349
33 473
177 598
107 254
198 338
46 585
379 606
563 643
167 494
338 541
197 132
98 443
602 410
499 429
608 223
59 423
556 115
386 134
310 490
516 71
480 270
365 460
363 529
318 687
383 188
239 34
392 175
665 57
269 551
673 259
417 666
18 356
133 667
40 236
565 361
210 558
103 518
699 88
22 244
205 682
524 680
63 562
100 200
26 538
384 350
671 481
450 608
63 13
533 535
55 39
31 488
187 86
542 470
307 401
452 145
550 90
223 497
579 428
128 362
649 318
336 92
598 663
517 608
440 374
352 414
621 658
350 59
541 174
161 374
518 592
449 502
524 405
620 419
95 241
355 342
602 396
159 413
302 180
341 480
24 311
102 525
520 102
395 413
187 548
617 327
256 696
332 221
639 402
566 691
274 212
131 380
566 338
140 19
58 129
49 462
671 349
465 26
520 474
670 168
465 367
465 168
104 282
519 440
511 436
477 180
297 442
250 656
355 635
436 568
363 225
61 590
434 491
591 463
390 222
235 51
125 150
675 686
484 163
468 185
546 390
684 555
145 518
371 7
358 479
541 169
329 22
231 679
307 539
671 208
613 12
349 332
18 564
472 671
209 604
651 8
240 9
514 310
645 433
621 198
215 228
323 136
97 489
335 380
663 587
264 98
222 694
504 589
375 41
112 657
64 57
454 473
683 214
172 539
508 506
349 167
666 324
310 287
373 54
479 546
283 586
63 348
368 575
138 564
585 364
439 133
594 327
95 299
168 20
621 376
27 317
259 488
279 442
438 465
102 470
242 443
318 52
416 659
585 68
361 72
91 442
484 11
71 638
445 560
431 323
659 582
593 10
291 364
7 314
462 499
456 516
208 584
184 673
487 46
579 653
396 121
681 557
585 266
555 50
28 603
334 147
252 623
496 424
178 75
321 680
491 692
247 194
445 58
74 158
315 522
519 550
195 447
380 180
347 211
226 358
332 80
139 29
212 163
227 32
419 337
402 121
152 329
566 82
645 91
424 410
313 271
582 107
346 550
444 483
671 699
430 95
510 256
532 233
610 474
225 390
301 168
95 266
651 385
353 564
360 189
557 347
262 59
446 590
643 495
45 165
204 581
580 168
634 553
528 10
304 682
390 95
442 301
82 66
417 527
119 414
565 119
466 269
484 379
485 639
443 99
152 670
612 432
320 559
31 462
84 469
678 88
533 510
262 557
365 13
31 292
73 539
484 309
441 611
571 363
189 402
604 215
77 13
302 623
205 408
294 569
451 303
137 39
699 388
180 531
49 624
103 387
690 225
235 578
325 310
177 67
513 121
89 480
457 237
700 144
231 291
654 429
122 147
43 240
98 37
5 455
98 519
395 505
66 447
509 55
679 29
609 459
49 69
462 253
208 631
344 73
390 684
120 443
120 42
437 547
356 305
636 497
112 377
284 278
90 600
443 262
575 412
338 626
257 582
352 198
253 114
323 135
639 3
255 317
194 244
195 440
88 292
529 642
414 203
210 374
620 50
64 241
209 317
382 517
66 649
386 103
313 39
57 661
80 392
679 590
168 320
189 470
250 319
177 557
405 692
638 161
470 215
549 607
188 669
267 464
634 116
357 101
328 354
490 189
159 244
205 491
502 290
179 442
398 180
587 622
64 225
121 198
86 585
597 681
221 2
99 150
219 696
40 318
661 530
218 201
371 65
644 245
495 263
469 300
328 408
40 510
488 645
506 138
478 443
264 625
139 692
120 665
599 393
123 677
5 35
1 270
448 680
396 45
508 563
34 272
540 312
91 264
1 541
148 117
369 241
91 401
535 238
499 335
472 120
159 483
36 402
59 284
542 17
22 290
88 141
24 42
415 234
237 484
435 324
567 415
675 226
317 161
560 313
682 235
335 398
129 663
27 678
333 397
394 1
392 197
474 401
19 384
148 474
101 471
274 71
153 572
115 399
572 453
427 139
187 388
392 513
353 377
223 446
305 42
415 205
624 120
387 34
270 228
7 275
400 273
267 650
37 6
540 685
665 265
472 588
160 569
412 556
28 13
269 266
579 449
681 598
623 550
404 49
147 576
551 18
367 95
616 72
101 692
308 38
548 37
679 426
674 664
158 352
237 338
99 343
418 627
469 420
366 498
617 322
390 198
42 611
447 521
663 541
596 414
404 543
176 642
643 319
616 23
396 244
269 564
51 472
42 586
146 59
501 41
427 333
296 464
224 162
228 46
198 241
58 412
91 62
362 315
462 416
90 284
522 648
379 525
58 79
11 76
16 480
279 290
544 305
623 344
216 468
229 586
626 467
215 674
410 189
90 17
246 396
48 509
96 656
341 230
608 362
173 387
540 518
697 602
36 143
33 192
690 476
211 362
87 300
243 564
196 228
384 220
317 461
266 416
108 273
388 270
661 570
476 613
597 494
71 336
481 71
69 487
83 55
590 106
669 688
319 174
413 421
223 523
293 561
488 184
55 546
539 195
205 35
493 444
52 7
264 469
438 224
503 252
298 599
70 329
392 635
601 12
494 46
595 467
295 21
371 160
455 179
268 637
376 692
15 10
328 253
365 264
595 336
307 1
36 210
126 195
415 456
23 46
675 514
294 343
99 89
645 18
675 509
180 221
149 243
309 289
33 252
618 674
179 73
489 85
16 407
74 390
276 65
184 248
298 482
514 615
5 425
528 537
124 143
143 250
94 66
545 627
344 60
70 211
600 536
413 683
26 111
516 11
402 300
500 250
45 76
227 213
209 344
699 277
397 157
52 633
685 370
627 595
292 146
66 14
292 537
368 641
623 521
678 113
540 325
287 136
220 174
418 582
275 119
90 418
402 383
412 506
532 691
293 20
446 689
694 19
144 151
233 554
398 245
148 685
231 266
434 195
254 83
399 553
335 2
166 559
356 382
398 380
25 528
492 172
661 362
153 155
492 396
44 294
91 535
324 242
396 269
383 221
539 560
130 303
16 249
85 622
550 301
699 623
33 190
13 486
322 115
564 642
385 526
5 389
535 132
228 105
393 64
308 583
60 700
66 283
12 23
213 614
441 696
463 244
481 161
323 410
352 302
231 135
408 682
480 335
594 154
480 677
123 573
448 558
400 71
72 683
613 41
225 291
328 659
542 439
327 281
646 15
107 214
529 250
544 515
213 368
318 340
85 184
338 636
343 612
619 533
396 423
605 199
657 549
620 231
387 43
208 614
426 127
148 392
471 141
544 391
313 168
510 451
635 46
386 51
621 442
242 183
125 684
610 301
517 600
215 451
450 465
659 547
183 457
42 563
656 613
664 272
498 19
247 525
506 160
131 240
294 105
264 496
204 397
41 155
253 320
572 452
521 148
22 462
658 57
41 443
106 436
235 119
46 209
567 477
697 517
400 656
295 63
678 636
612 547
174 576
541 53
272 404
274 677
192 16
41 191
650 64
259 390
335 224
68 482
418 611
605 294
551 175
327 166
551 671
675 6
249 414
162 19
242 325
662 219
212 256
362 667
648 679
575 263
698 254
504 622
158 336
22 51
674 309
313 608
252 506
378 509
366 626
407 283
315 471
152 195
92 477
544 173
128 627
55 429
430 643
491 601
82 274
591 87
163 205
339 3
52 356
168 248
53 279
571 383
397 512
81 348
659 357
221 180
39 243
49 641
43 247
327 184
133 575
460 220
524 697
631 106
347 45
69 408
40 260
371 366
385 683
555 276
279 583
292 558
235 639
148 641
582 697
139 231
119 614
394 350
5 700
326 450
112 17
644 228
282 110
458 256
243 111
384 667
260 327
432 22
194 661
475 186
535 345
194 669
175 616
266 55
260 554
304 274
334 410
540 428
163 621
173 422
668 565
331 699
363 434
297 23
593 306
282 6
217 436
371 305
370 207
186 491
271 565
2 317
39 464
107 412
404 346
77 461
652 153
201 227
422 82
568 397
67 233
593 163
639 311
566 303
559 56
23 65
73 372
335 460
220 310
559 104
618 55
481 12
342 602
418 508
403 560
352 661
557 343
340 586
258 584
420 244
684 670
688 530
185 683
215 465
52 553
549 23
676 521
693 447
243 96
346 498
197 576
290 390
355 668
534 179
279 340
104 238
290 230
183 494
221 205
295 34
641 520
505 474
662 401
366 574
595 128
656 241
252 598
169 620
12 639
577 350
319 492
178 299
408 83
691 473
213 580
14 671
384 652
115 529
676 569
39 554
369 510
110 649
457 651
597 559
93 612
527 214
536 22
43 255
139 663
268 78
387 363
537 346
340 272
539 352
626 619
593 102
342 153
306 173
398 289
559 644
646 521
50 80
232 684
510 80
115 190
145 22
137 662
475 85
286 473
345 611
569 525
71 526
698 650
650 438
73 253
362 542
523 231
368 656
286 680
436 264
200 493
371 669
301 677
604 511
530 555
97 665
671 201
489 107
700 524
68 488
629 544
47 245
551 384
518 130
542 608
212 303
25 39
263 563
201 692
29 337
279 673
547 415
54 77
452 580
385 684
53 511
657 144
629 370
374 188
572 273
337 482
111 271
275 521
247 576
420 662
29 637
66 175
194 561
181 275
3 485
392 149
122 326
559 323
40 4
90 134
282 679
633 260
99 470
689 131
668 207
338 413
57 509
695 226
240 527
68 101
447 682
47 272
13 534
171 387
461 339
177 487
312 466
480 512
19 155
612 84
186 449
228 176
16 5
645 386
655 640
243 641
487 688
300 540
487 67
415 366
27 463
623 582
506 510
305 448
104 246
640 544
573 690
136 699
290 471
409 54
56 241
319 66
543 574
451 318
452 453
619 397
54 444
104 361
204 411
685 256
576 604
421 50
292 535
264 549
291 414
88 534
566 39
588 628
189 265
479 60
139 509
572 368
12 321
318 209
77 48
31 560
557 204
146 488
638 46
677 130
270 472
305 415
362 402
465 35
518 166
522 255
563 429
335 300
605 192
123 108
172 109
424 78
491 51
439 313
492 557
30 523
483 369
128 208
482 230
611 374
694 456
548 483
100 480
303 637
377 100
193 697
227 607
141 286
422 297
341 208
118 282
538 83
392 112
410 291
21 381
44 128
276 112
446 189
364 325
540 25
202 277
609 204
113 653
448 612
257 344
450 259
626 1
422 650
255 16
442 373
523 124
57 586
556 642
66 244
114 125
116 667
243 17
243 562
469 522
44 454
246 122
265 554
444 147
400 65
572 624
382 47
690 548
212 65
370 561
270 272
538 586
125 493
136 638
663 266
144 66
280 427
451 198
324 18
195 677
672 121
259 684
299 27
649 532
50 609
691 364
196 475
456 505
157 288
257 185
185 418
161 167
429 244
93 629
573 33
484 394
541 578
587 399
487 384
645 520
3 223
615 68
627 32
187 581
692 206
642 638
1 85
400 151
331 244
520 203
374 440
2 334
512 498
514 335
360 274
301 105
579 563
282 161
491 519
379 618
115 91
503 1
411 239
582 473
273 32
608 560
426 212
422 689
513 528
186 538
257 277
370 138
433 504
308 646
164 136
661 588
618 662
452 49
108 608
606 486
256 312
185 228
133 55
622 112
503 246
536 388
566 581
342 503
585 75
669 149
2 154
628 676
273 396
605 384
690 352
569 693
596 427
539 14
276 50
77 610
495 208
552 39
543 46
496 500
369 675
357 384
569 79
292 285
503 324
389 624
355 55
318 262
572 77
625 659
537 6
456 519
552 195
586 81
9 396
101 458
679 45
199 648
406 370
490 76
213 207
502 597
242 297
693 185
397 175
645 35
182 629
450 615
691 375
238 372
530 303
408 144
116 656
337 289
636 179
438 315
170 220
238 361
319 387
351 354
586 545
254 410
130 113
304 159
516 411
236 126
232 596
254 658
251 437
677 22
450 154
238 616
104 256
47 70
623 367
115 430
605 230
127 163
693 148
221 478
155 575
476 307
506 453
445 80
501 507
89 92
71 407
205 430
180 50
551 49
584 142
690 620
663 246
229 467
11 204
493 677
291 680
262 409
232 191
664 239
450 667
335 440
396 690
320 566
585 667
587 282
368 232
475 349
87 178
337 406
536 12
321 638
121 42
425 658
654 362
36 142
573 696
104 575
90 604
77 591
549 358
475 257
478 133
194 395
231 534
157 272
572 239
84 507
580 620
223 79
624 14
240 681
159 27
508 156
130 583
284 697
685 636
439 269
449 410
384 184
528 133
642 56
620 175
602 555
445 295
66 376
647 400
677 141
476 460
643 390
2 148
67 32
84 269
459 280
200 257
244 312
578 16
572 400
71 14
128 691
324 274
188 465
30 202
358 337
447 158
269 144
244 371
144 68
67 524
351 292
304 171
247 493
112 282
571 194
553 346
194 537
217 266
331 633
308 17
183 153
317 489
98 255
219 440
371 330
386 373
94 626
186 513
204 165
470 532
326 203
234 578
487 159
131 598
488 545
107 90
77 410
74 38
194 650
75 176
331 101
281 301
298 1
503 517
208 319
26 113
379 326
70 98
87 321
79 167
351 237
439 115
555 690
565 425
89 315
620 53
84 650
55 300
533 243
513 693
653 320
642 510
433 81
313 694
270 317
632 696
660 285
222 34
402 139
15 333
114 448
499 452
23 528
233 169
125 482
562 275
510 94
171 234
439 118
168 261
69 669
455 250
679 33
601 605
693 413
596 159
647 59
142 574
431 243
562 581
428 207
33 472
268 351
580 14
579 386
457 585
428 556
696 665
643 684
545 74
120 666
539 10
406 621
343 49
33 495
11 83
159 57
686 1
222 438
534 426
331 305
222 349
690 235
450 552
62 551
269 599
196 332
261 567
32 649
269 190
572 652
292 83
310 386
602 425
437 560
685 385
460 26
250 577
671 356
302 303
379 430
601 186
384 442
266 213
517 146
20 386
217 531
180 447
529 700
503 439
411 692
629 379
42 391
537 329
356 33
408 459
629 525
33 493
649 537
369 21
553 663
132 219
184 360
556 464
295 693
511 202
629 353
605 194
608 13
36 82
383 452
381 439
649 270
230 663
411 350
240 89
206 147
362 133
532 13
607 354
33 561
298 134
89 231
445 4
485 129
539 17
372 449
144 577
237 284
91 178
219 401
606 200
292 196
242 528
499 52
698 62
209 469
643 477
3 508
282 489
630 477
218 508
419 258
380 523
94 418
533 666
270 397
355 179
648 176
352 260
310 545
256 483
447 396
415 398
593 525
524 352
398 669
92 338
227 24
370 353
350 478
39 573
656 699
359 104
257 494
48 569
633 617
203 138
95 94
369 281
195 93
162 226
637 529
426 684
361 295
302 447
495 491
246 573
293 410
325 617
19 497
465 179
175 47
237 511
213 238
265 158
171 568
362 511
59 458
315 644
393 474
44 276
624 581
125 365
36 127
623 491
238 379
119 495
157 604
116 206
550 422
516 366
155 88
642 87
588 98
335 240
346 358
540 289
613 247
336 422
286 350
327 329
2 235
55 8
615 608
182 547
529 513
525 120
255 26
516 510
32 442
15 111
125 238
665 122
51 535
384 286
154 14
519 137
148 556
204 331
324 362
320 85
66 683
160 80
561 481
230 547
640 402
619 282
594 499
669 211
532 552
252 387
617 671
209 353
171 460
242 218
577 546
686 97
45 604
170 339
223 639
361 431
231 227
197 224
692 236
551 35
442 686
689 464
283 290
14 498
122 662
606 431
161 33
496 295
186 324
315 540
93 592
149 102
400 419
619 357
404 210
128 689
418 626
592 371
254 308
443 386
607 449
6 327
298 19
561 647
2 171
465 5
342 380
465 655
537 621
5 469
395 88
201 681
252 452
679 553
161 63
201 116
514 393
62 391
352 52
655 45
441 45
96 625
110 16
510 485
173 20
351 448
680 282
293 482
181 57
555 514
697 684
366 462
557 442
486 363
94 378
454 236
601 473
455 664
493 500
554 8
14 611
600 215
94 176
268 352
41 674
171 546
77 198
108 616
52 359
471 20
360 454
484 34
542 81
119 62
307 509
46 154
312 659
667 247
404 279
94 107
120 221
115 187
135 361
227 151
299 551
661 487
684 149
637 131
620 688
411 375
581 369
457 79
404 343
60 250
135 159
422 682
194 597
74 73
493 227
395 376
206 113
462 384
10 495
440 521
215 310
253 122
198 113
39 60
298 536
323 529
646 564
209 385
370 523
591 332
685 100
201 182
560 426
60 686
291 612
325 466
543 53
46 18
197 300
138 570
415 387
232 567
541 165
29 418
56 391
270 662
252 13
446 293
277 82
173 32
424 429
282 534
471 238
101 575
399 540
163 368
138 362
327 258
9 428
287 451
511 551
240 206
380 433
399 627
694 128
282 8
18 111
347 67
3 342
179 387
636 262
662 323
19 536
563 250
374 232
599 350
457 584
580 48
442 83
668 372
291 652
45 138
295 438
312 36
696 485
473 500
368 584
14 86
601 6
30 547
691 285
354 173
2 433
632 528
74 254
429 419
512 605
85 11
670 404
246 244
694 622
61 592
267 381
124 158
54 220
369 58
621 373
140 691
582 408
250 602
463 274
626 680
693 332
429 423
215 660
284 23
677 371
597 361
142 94
508 138
368 518
505 377
147 550
332 26
385 275
645 130
361 484
374 620
322 553
430 359
255 71
127 191
377 602
476 222
269 377
14 627
284 195
333 77
289 423
151 258
15 531
209 37
656 371
30 518
694 540
485 153
565 608
443 141
474 280
574 199
90 369
41 328
246 469
133 543
504 649
61 344
424 440
658 81
445 283
349 200
375 617
203 267
333 59
380 356
599 516
683 115
692 411
693 362
198 26
381 389
603 191
225 480
611 589
264 651
172 308
612 107
491 355
450 335
180 536
393 42
254 124
239 252
284 288
44 36
8 342
117 309
155 285
392 209
590 668
148 7
500 479
203 541
520 695
164 130
293 384
390 431
609 242
67 385
196 521
420 11
524 231
186 545
31 303
610 552
495 355
580 354
157 455
189 506
644 301
256 313
325 546
333 324
218 283
226 294
556 321
154 482
106 123
162 27
367 386
662 424
244 547
550 110
527 168
19 377
208 501
550 70
335 634
684 84
219 483
188 511
662 349
53 550
5 487
611 641
460 232
521 606
511 423
665 217
695 191
457 499
124 166
531 575
512 297
660 228
257 365
257 276
197 392
386 275
415 55
640 233
157 676
643 177
421 509
433 533
545 139
142 71
368 154
85 3
143 145
44 368
640 499
693 145
638 445
49 448
98 147
117 509
111 103
267 350
150 295
494 320
216 576
35 394
216 119
138 181
52 133
201 447
504 223
436 194
343 7
673 549
264 526
594 539
513 359
554 36
238 370
537 560
8 306
692 127
140 174
629 663
240 134
223 81
121 70
46 379
300 671
439 443
607 562
392 682
639 343
639 304
33 690
460 687
506 634
424 627
632 642
450 196
590 478
673 496
275 551
168 204
496 495
315 290
356 45
289 601
590 151
476 53
363 647
421 315
77 599
172 345
131 417
361 651
190 539
400 57
518 252
129 425
303 426
608 545
315 231
31 258
65 463
670 608
163 668
471 554
657 65
584 38
595 625
618 278
545 632
700 354
490 667
465 470
430 217
543 389
76 38
477 92
613 300
40 464
379 530
234 523
167 569
55 658
266 571
241 180
274 590
508 391
86 61
376 55
580 226
292 533
95 4
339 231
653 645
144 598
21 297
582 81
546 446
14 548
178 19
371 153
554 283
193 259
684 582
446 201
49 467
398 258
644 318
333 534
153 291
79 234
691 73
631 538
383 16
269 116
165 324
587 48
372 410
667 663
646 562
507 558
514 215
282 379
663 248
543 331
666 289
624 431
607 617
54 641
149 11
259 363
60 316
657 19
697 447
409 560
424 219
158 523
464 445
579 550
242 513
195 378
173 325
266 491
361 133
548 108
661 393
535 637
697 509
256 15
384 381
541 469
100 404
402 206
95 371
618 224
264 392
529 617
39 34
653 573
582 608
357 594
607 377
446 619
611 698
169 341
32 655
278 469
123 130
653 120
524 234
242 141
355 172
395 639
433 315
110 123
428 101
220 489
248 95
9 484
499 622
101 357
472 281
328 560
325 483
272 669
58 117
517 230
102 557
198 566
601 106
234 247
563 324
59 169
277 493
140 55
286 69
67 343
489 63
123 661
590 508
62 358
423 277
173 31
257 303
521 209
224 399
532 355
139 673
381 475
366 48
263 459
466 695
4 176
315 260
315 262
158 634
507 206
152 390
287 355
436 374
648 349
697 145
526 245
501 608
439 174
42 10
589 457
37 140
699 315
41 28
328 245
242 599
356 625
140 423
351 316
552 622
528 120
173 517
199 311
495 285
639 75
38 271
432 381
626 256
324 224
256 324
117 435
540 605
440 355
317 348
577 204
76 580
240 674
374 317
207 552
428 76
229 270
46 458
73 155
92 660
328 180
460 139
654 430
479 613
332 78
621 408
291 333
492 516
269 1
381 445
160 525
299 527
452 100
604 570
251 630
518 650
8 215
627 71
111 680
450 342
307 612
283 329
57 657
393 189
474 493
422 8
79 19
43 61
275 659
678 543
27 230
541 101
72 85
675 473
173 575
383 104
515 631
99 73
94 554
92 611
366 666
81 437
565 441
162 235
269 446
200 31
106 640
598 431
449 122
542 339
146 14
159 308
72 498
511 94
668 271
477 115
78 24
394 44
596 68
516 589
483 130
679 602
419 569
608 121
511 10
345 1
179 613
512 360
604 114
467 600
86 104
333 416
544 199
635 25
208 304
578 77
421 669
677 117
439 540
207 378
134 64
250 422
572 263
111 452
381 364
352 112
85 602
540 574
341 630
274 424
174 521
615 571
271 569
489 522
529 577
3 555
654 462
379 412
456 653
208 214
452 499
605 132
696 67
609 250
685 678
113 537
345 643
336 212
384 111
608 242
86 353
147 411
399 646
503 466
667 381
686 399
142 617
497 109
615 158
73 615
160 591
478 81
14 687
273 368
578 411
312 694
117 343
420 319
133 65
170 563
182 474
14 274
197 324
518 80
67 12
356 19
457 401
405 406
516 224
289 470
208 476
215 160
479 443
469 362
531 190
304 29
312 413
180 405
606 490
71 23
523 547
265 419
538 444
448 513
539 279
465 402
105 276
399 153
483 629
587 601
135 471
542 79
518 639
680 264
65 691
673 84
652 358
461 237
585 83
200 143
492 431
381 534
451 245
262 138
65 174
666 112
428 558
234 277
395 441
197 332
493 489
18 697
197 293
296 197
500 463
486 554
122 604
17 79
292 204
187 173
98 273
634 597
529 28
30 143
675 418
119 588
480 638
404 420
362 489
189 602
577 684
238 374
120 19
1 69
326 628
185 514
650 531
535 573
149 513
239 251
256 553
13 51
502 23
288 229
305 409
285 534
49 27
539 134
594 510
354 63
576 221
654 157
470 560
70 176
607 495
50 431
646 527
471 328
603 244
134 161
532 361
265 600
498 340
89 562
673 567
351 687
547 26
606 11
96 692
315 171
600 689
1 149
50 633
596 101
262 289
257 33
413 99
383 296
56 584
565 428
59 523
148 573
37 442
488 627
678 104
208 532
384 543
183 644
255 271
682 633
356 196
572 246
417 306
12 656
3 329
334 92
516 241
21 457
281 48
365 274
385 76
145 692
460 25
517 5
154 334
411 442
146 472
391 415
171 291
508 700
252 553
353 321
122 410
30 687
227 674
552 90
476 239
68 2
418 635
327 506
365 470
153 356
427 260
381 117
170 274
110 442
69 575
315 294
674 38
231 127
74 469
460 510
168 156
120 81
418 694
465 86
17 537
687 674
671 154
308 545
448 584
62 270
411 204
691 332
313 362
654 662
573 440
677 408
593 447
545 634
489 259
619 441
98 521
656 280
99 339
269 692
440 620
261 58
624 96
311 243
661 457
400 478
518 450
622 327
229 561
468 352
651 572
543 24
261 37
65 122
400 26
428 187
118 531
450 428
272 515
144 271
16 663
361 184
268 511
229 217
536 179
171 570
246 514
549 556
96 545
446 4
36 286
247 260
144 305
127 287
119 176
8 102
621 672
588 368
379 40
308 574
279 57
149 159
247 504
528 23
136 247
368 555
387 280
80 114
379 453
82 508
451 312
328 26
404 564
613 98
318 80
28 433
388 24
578 120
157 435
638 141
443 334
286 234
300 556
208 628
408 139
211 393
14 575
592 544
369 11
421 31
146 580
198 47
65 270
211 364
434 458
21 468
59 238
129 281
23 297
71 119
601 324
260 56
32 548
616 165
504 285
23 383
388 172
393 524
123 311
408 50
383 690
631 167
16 669
418 307
485 19
681 156
448 428
502 700
240 226
677 362
9 563
664 502
571 568
88 191
646 237
615 206
694 556
582 261
604 32
231 91
58 491
33 324
357 350
556 646
268 329
533 586
212 322
166 396
642 162
678 477
49 347
600 355
527 98
411 460
480 608
67 641
674 97
318 6
67 429
570 619
448 590
434 421
329 596
540 210
259 144
103 491
667 529
123 139
219 312
212 197
157 496
145 183
672 22
54 417
671 366
67 193
466 263
265 140
668 584
669 496
344 470
565 620
292 627
436 333
683 313
41 573
626 313
18 54
268 572
323 186
204 536
143 682
464 604
296 98
392 689
100 559
636 128
123 400
394 437
471 154
700 631
22 342
458 431
251 94
57 260
58 253
252 84
230 181
616 684
141 207
160 49
183 216
150 647
399 190
138 184
647 655
528 206
115 432
324 527
358 566
259 158
581 673
125 699
577 213
171 571
664 618
185 565
304 329
112 165
511 432
543 344
442 440
497 51
321 513
285 300
249 184
306 446
110 210
440 548
445 367
231 661
609 163
259 177
425 80
585 32
194 178
527 344
571 96
270 260
515 243
221 543
258 698
42 204
121 236
28 220
428 415
614 378
682 178
550 92
639 418
350 547
233 502
543 608
298 489
616 678
334 313
340 252
258 93
455 36
617 476
427 570
371 473
30 135
408 324
469 399
338 27
33 61
255 314
62 506
626 69
289 569
401 167
341 326
373 228
310 238
594 513
338 43
94 428
437 666
221 328
557 385
374 466
356 588
453 433
598 551
28 445
682 510
13 582
236 545
311 317
101 550
33 327
444 303
429 454
406 180
304 698
125 603
431 464
9 239
306 464
24 122
501 468
356 275
305 473
559 334
700 498
422 505
209 143
375 441
587 25
398 227
354 480
85 626
154 389
134 558
139 60
647 224
466 441
133 608
632 529
664 256
648 505
635 460
620 289
250 489
363 682
206 9
620 537
524 669
58 588
262 143
616 64
16 133
450 331
675 201
419 391
39 307
6 698
30 312
209 180
247 625
28 210
63 697
216 116
450 551
393 263
303 231
337 194
546 609
511 519
270 146
289 318
140 668
326 673
27 314
151 648
84 264
689 238
634 41
336 86
660 34
616 570
664 316
521 413
156 410
509 643
70 637
117 267
577 258
368 382
416 602
693 63
536 345
584 156
594 320
374 142
529 41
214 537
358 549
19 159
255 569
571 487
222 634
669 684
32 498
371 576
512 385
208 647
618 490
638 575
626 567
264 57
58 83
391 67
325 626
179 149
361 372
493 108
104 148
615 366
615 393
588 35
412 174
434 632
518 641
414 622
67 642
159 119
562 154
176 525
499 56
672 328
68 429
284 429
161 140
656 44
284 437
198 144
132 509
252 196
253 424
97 582
641 495
248 607
137 29
436 322
474 10
572 657
103 511
435 682
349 301
700 312
78 243
325 502
587 4
338 61
265 498
474 381
155 313
181 362
215 604
652 54
58 366
181 67
18 681
571 135
543 64
647 592
578 124
246 349
498 296
120 180
28 146
633 274
674 626
655 181
128 403
267 217
129 677
533 409
521 553
107 561
456 172
45 453
70 286
464 65
277 532
78 301
289 426
175 345
626 659
674 190
481 602
253 11
73 333
230 534
425 122
236 146
162 171
76 155
440 295
591 206
180 36
552 44
171 403
259 119
37 561
312 505
187 625
566 574
365 683
244 463
26 689
458 377
466 386
357 538
669 574
129 480
629 454
545 75
12 310
70 192
423 472
101 506
166 115
422 276
20 262
349 404
27 74
241 657
606 226
372 418
227 281
195 190
164 511
218 65
153 265
444 237
245 140
341 15
671 677
1 628
440 78
331 451
642 157
566 389
495 557
584 572
72 654
136 198
69 71
398 18
576 596
510 505
570 407
153 314
645 363
50 525
560 558
481 258
692 553
611 278
505 22
1 170
82 584
441 642
287 312
699 690
686 340
435 110
625 201
570 505
545 457
256 544
599 601
613 318
310 436
545 552
539 243
599 455
111 193
354 496
582 149
42 265
148 108
256 697
538 421
672 463
246 545
69 541
549 458
277 629
268 456
330 338
308 173
387 472
390 529
143 669
387 186
552 136
454 297
471 649
404 628
365 355
585 541
491 254
238 625
263 488
173 299
42 693
345 120
5 240
131 226
56 554
150 89
170 540
204 242
53 133
649 36
637 24
69 17
296 440
322 129
409 149
556 439
162 455
506 425
553 699
526 170
405 339
573 35
31 67
305 134
359 150
471 679
154 330
625 58
79 23
381 170
349 107
492 668
41 500
447 331
307 617
624 84
319 314
533 640
395 38
437 593
380 379
288 422
479 309
230 115
369 500
27 552
111 144
434 674
504 539
160 60
412 90
28 573
642 142
486 419
642 182
157 680
518 205
210 125
464 181
547 24
378 543
24 626
125 187
625 406
102 673
616 534
430 78
451 492
598 605
343 405
165 29
396 430
226 435
134 412
653 582
496 557
205 403
559 433
40 660
286 311
352 573
489 54
147 333
596 105
530 319
18 171
626 321
107 295
544 226
324 166
95 196
386 211
27 245
550 621
401 567
684 42
394 116
38 8
358 635
3 152
631 45
306 458
51 388
545 332
363 118
680 332
612 447
128 237
116 272
580 582
634 416
119 593
448 657
314 463
507 360
177 157
53 127
138 269
695 264
591 367
96 518
322 70
474 99
562 523
616 325
540 208
273 139
160 346
629 605
190 573
31 505
341 621
11 116
112 398
133 471
620 466
130 91
330 192
236 112
81 97
658 387
696 410
561 88
534 200
374 219
359 208
320 388
188 71
670 48
494 151
488 639
60 1
390 608
347 445
386 507
632 440
246 595
94 321
315 343
617 572
10 372
195 229
380 434
509 168
457 570
129 694
244 546
316 597
19 367
604 146
592 27
418 329
563 349
357 480
594 305
442 584
43 212
317 455
656 403
314 88
129 79
545 122
243 419
220 203
128 96
562 6
28 418
628 640
599 514
596 147
53 467
538 117
227 164
293 419
154 120
106 575
186 632
9 622
162 187
597 534
236 105
209 323
353 230
200 256
590 591
165 281
88 18
270 454
219 614
119 39
519 23
200 18
552 87
696 469
548 431
320 645
185 585
344 38
142 162
472 246
580 133
307 504
74 138
673 261
590 114
284 265
605 292
90 336
595 453
206 225
373 526
392 397
208 450
458 253
623 294
586 434
117 264
102 609
368 336
432 262
526 336
550 74
538 256
633 182
379 262
95 445
82 512
166 489
246 402
33 498
149 251
590 91
349 576
142 500
640 384
266 639
554 184
623 59
230 514
488 684
308 218
391 301
194 57
94 182
265 358
200 399
679 579
378 425
443 357
323 50
386 212
20 377
409 269
89 242
484 15
405 328
181 556
42 684
594 141
75 140
437 298
252 5
146 336
232 541
365 394
506 613
260 190
54 114
430 169
32 481
689 617
144 86
425 92
365 133
294 217
336 153
115 437
541 662
112 307
225 76
493 218
13 117
263 18
444 665
5 610
663 102
71 337
191 418
202 380
15 656
663 552
421 389
443 321
516 391
303 74
425 483
570 62
58 337
60 64
463 328
694 91
428 109
285 60
172 72
399 96
689 423
230 419
144 520
451 599
268 157
157 31
191 431
48 475
385 291
117 501
386 540
90 394
483 527
364 467
293 166
491 88
74 225
670 334
656 63
218 238
640 683
426 241
440 699
203 47
90 217
657 564
105 699
27 469
677 107
455 602
419 638
506 400
211 282
583 10
179 281
650 501
149 530
309 409
652 420
539 616
24 485
358 426
120 7
215 683
309 681
215 428
390 94
417 528
67 62
359 583
667 56
591 678
378 604
587 510
647 282
657 328
47 263
405 390
451 117
13 619
484 605
672 29
74 543
426 612
134 437
516 660
505 66
363 15
11 391
68 513
697 53
255 257
101 185
277 544
497 319
645 76
481 582
475 516
191 264
193 580
606 18
630 580
36 462
465 155
463 477
574 545
667 133
641 302
384 434
4 294
491 322
449 13
311 391
188 8
2 192
331 238
239 312
84 162
636 426
307 490
593 319
585 53
504 202
109 363
606 238
371 197
67 347
19 548
582 303
523 6
509 240
549 344
321 474
564 583
397 327
58 610
205 415
360 14
566 322
582 53
556 585
365 478
569 280
91 113
121 51
3 499
260 528
514 112
464 446
334 361
618 568
589 578
276 40
501 692
309 260
148 653
138 402
127 37
266 580
390 525
169 258
183 267
425 229
95 24
18 321
537 550
683 163
216 331
386 454
258 363
101 659
40 546
376 661
646 25
101 675
387 491
166 333
212 209
105 413
194 292
156 502
31 387
505 71
60 487
611 650
589 690
63 473
489 661
493 575
500 227
598 557
211 444
531 19
603 639
1 337
74 246
505 86
299 375
246 528
673 100
2 24
627 503
189 257
426 20
354 279
405 54
13 114
121 241
586 675
223 141
268 640
11 500
408 608
232 410
693 606
680 135
269 112
193 323
211 361
19 623
84 509
386 86
305 103
584 242
238 250
421 334
442 657
295 637
196 660
293 537
226 655
356 151
205 214
598 523
17 427
699 420
154 253
617 412
300 630
187 439
539 320
402 202
344 213
377 44
369 348
95 433
96 289
423 390
295 496
204 276
179 495
583 629
344 142
11 490
657 204
207 351
105 236
210 590
381 649
452 335
124 448
601 606
406 3
281 25
129 496
72 628
219 348
611 595
261 682
254 108
308 175
516 695
388 55
398 367
217 56
305 470
357 228
700 209
381 650
570 376
312 610
373 234
366 92
555 171
388 176
614 569
453 127
515 185
316 267
185 270
528 42
492 239
98 331
675 432
492 317
190 425
449 230
517 652
124 389
628 563
215 642
39 226
296 6
290 648
260 280
112 63
509 582
69 639
270 143
42 365
52 79
500 600
208 154
51 210
62 430
630 181
654 572
565 232
257 526
163 188
607 292
502 204
484 17
407 392
677 94
195 579
66 45
356 216
558 44
681 463
211 664
275 202
599 617
233 174
52 468
23 405
233 348
537 445
641 500
662 598
193 542
522 247
246 576
345 158
297 223
139 499
144 641
5 186
651 172
212 168
499 690
254 401
226 368
478 179
196 331
149 662
666 697
599 87
1 528
551 450
130 319
585 492
458 694
310 441
613 22
613 381
343 626
80 686
539 526
237 262
424 153
517 210
478 93
68 378
260 665
247 593
136 657
670 661
143 198
512 644
381 417
570 426
697 176
402 179
255 24
298 237
527 639
660 631
563 414
267 306
85 659
495 293
59 60
311 260
672 224
481 489
540 275
324 478
451 622
402 671
110 381
224 641
455 609
647 125
25 382
620 523
93 333
417 231
244 472
407 213
404 135
276 197
365 664
239 518
322 50
2 400
645 430
219 629
342 134
367 153
439 187
649 114
632 205
368 619
674 302
327 341
365 360
342 613
193 62
162 293
509 505
649 61
52 370
521 106
346 244
63 345
281 452
104 75
125 361
88 97
326 273
687 488
38 431
245 295
587 247
358 52
598 275
691 525
162 229
552 403
88 549
495 430
620 278
441 449
142 433
661 218
10 281
454 573
482 555
275 516
543 414
38 414
224 336
472 614
535 203
541 117
324 322
695 361
447 356
250 232
250 375
439 616
85 330
82 648
575 558
458 433
166 71
631 396
159 527
700 415
19 272
463 147
282 203
551 392
203 42
565 93
20 13
531 684
461 629
268 151
355 98
552 432
643 63
229 173
446 242
160 612
75 113
107 698
102 143
228 189
111 448
458 376
410 416
415 363
262 285
515 291
512 64
616 195
51 369
531 566
690 619
179 361
475 233
89 330
395 448
212 10
347 547
447 456
142 292
53 491
697 430
93 78
512 252
582 576
641 541
228 450
192 62
54 605
456 58
95 540
605 41
372 145
217 322
265 377
32 485
25 465
54 252
84 441
379 265
422 356
694 671
326 229
277 243
644 64
153 374
277 676
90 188
397 229
159 37
608 86
356 262
386 281
172 240
440 132
537 156
665 604
139 46
517 630
258 440
261 22
344 699
520 195
83 125
103 4
71 58
265 485
73 92
425 50
505 383
388 33
10 99
354 512
92 581
429 106
149 581
219 579
620 273
606 547
528 11
461 232
490 316
33 276
503 661
533 636
2 464
344 80
129 9
566 69
649 108
282 241
375 22
547 95
563 203
437 526
110 697
99 4
312 96
624 364
423 291
223 476
274 224
287 29
450 109
292 121
120 138
280 415
5 671
551 491
482 225
342 369
163 661
558 48
256 205
421 220
444 440
630 293
166 531
19 291
161 37
584 2
523 655
343 355
538 548
546 578
269 372
9 630
513 397
591 68
130 50
478 599
58 267
338 20
147 355
78 264
447 327
22 149
558 123
138 505
509 173
534 348
606 602
183 588
569 469
40 217
146 332
433 611
472 199
193 3
382 429
285 558
13 185
155 445
363 677
21 682
247 210
59 516
529 649
529 550
333 370
496 527
261 314
359 464
532 249
121 425
371 338
92 138
172 386
52 174
555 535
376 467
441 117
346 63
559 350
5 308
435 430
630 210
42 471
280 274
678 17
381 435
571 26
583 229
549 261
507 189
692 349
437 496
413 170
457 273
305 575
186 70
313 263
34 315
213 149
386 137
601 528
316 522
337 145
631 166
216 85
102 336
229 170
585 567
279 8
505 555
244 113
136 276
105 538
105 500
216 82
338 346
551 482
639 699
185 659
610 310
115 679
150 401
193 567
57 326
282 418
16 676
278 420
253 34
216 66
487 282
69 273
263 436
248 314
642 370
391 468
219 656
670 34
651 317
156 564
92 156
139 529
104 645
21 216
391 176
5 291
128 645
103 334
245 31
425 297
49 607
43 180
407 20
323 600
281 467
126 14
619 289
634 473
618 314
292 373
134 647
113 223
84 5
642 673
493 631
322 130
564 689
430 203
413 338
108 593
356 525
123 487
177 10
686 469
483 619
223 387
53 214
368 567
507 213
282 354
430 657
403 78
282 33
18 561
398 363
633 686
220 117
15 685
378 322
348 361
593 356
178 570
488 346
446 537
385 554
556 69
172 80
447 644
373 591
313 474
13 106
567 54
108 368
203 38
459 321
491 354
269 40
614 542
88 453
494 693
293 288
434 381
76 169
335 596
419 215
506 454
154 643
242 270
642 238
65 179
231 136
693 556
275 664
177 491
240 497
432 490
565 539
18 156
11 320
554 613
629 449
538 575
470 194
633 431
91 241
614 217
15 382
583 224
129 377
12 161
618 685
579 518
27 357
660 269
162 286
380 668
411 659
240 81
114 17
588 186
640 183
669 50
224 300
109 512
209 564
29 186
662 46
293 459
373 245
516 121
345 474
698 337
302 681
89 385
43 52
272 452
220 84
212 607
206 451
232 116
429 185
51 635
624 295
269 524
168 586
698 611
439 297
621 528
188 165
624 467
57 210
502 245
107 38
389 586
678 299
62 483
157 338
344 256
298 43
632 526
340 509
257 606
677 294
683 45
659 548
54 292
275 555
364 485
230 143
563 333
375 363
505 50
173 276
474 21
438 684
410 276
18 278
513 50
407 590
648 659
57 258
193 371
342 177
15 260
391 193
627 539
363 480
603 125
222 311
605 27
445 222
391 196
117 325
623 387
84 177
662 267
41 672
48 296
169 629
603 533
527 589
11 537
322 52
690 172
36 421
606 134
75 640
512 150
410 465
298 110
592 658
324 280
600 364
685 214
212 221
388 600
99 334
674 203
487 114
427 277
111 623
670 360
206 357
613 142
531 293
274 473
226 561
136 127
531 158
250 5
537 504
227 378
85 598
170 125
158 568
632 351
39 533
29 399
616 207
304 251
465 699
667 99
643 31
151 166
589 42
512 689
240 74
589 340
52 173
448 604
611 134
45 527
3 396
498 163
669 593
695 130
352 525
463 340
261 538
147 487
197 588
410 583
216 506
211 418
81 247
35 607
134 296
15 363
232 35
210 449
36 325
173 385
487 307
694 695
270 324
219 681
352 574
352 225
531 144
682 425
208 619
475 569
588 421
693 490
116 517
522 293
601 491
607 658
478 577
236 510
131 67
92 556
140 280
50 479
655 213
363 506
671 692
150 583
2 651
214 246
202 434
612 62
272 160
663 572
297 369
526 602
535 597
424 185
84 180
542 239
155 560
407 612
195 675
188 342
182 469
224 339
84 272
452 112
216 239
538 498
172 479
80 196
445 62
383 80
516 225
90 227
501 18
697 41
569 343
62 638
200 313
539 550
241 617
674 632
678 45
343 314
559 636
592 406
670 491
579 526
513 59
296 22
625 72
354 274
507 89
153 154
501 347
669 97
383 305
342 119
20 256
136 400
141 559
363 446
404 127
92 215
697 445
514 228
50 587
180 366
458 100
292 371
5 86
626 329
154 406
187 446
274 223
673 224
225 446
459 317
55 174
290 91
569 451
640 209
457 658
388 366
428 223
167 644
280 467
166 274
127 2
142 371
3 572
333 573
259 104
538 521
258 253
521 22
171 149
146 401
550 22
327 676
671 385
381 606
673 12
144 519
342 645
32 339
358 45
355 313
420 624
426 164
573 655
65 512
553 274
28 637
610 146
121 102
243 175
561 125
543 134
123 155
220 456
469 521
315 282
473 508
412 181
695 502
505 516
142 302
177 618
224 454
444 46
412 401
260 357
555 227
487 409
491 636
326 672
513 341
187 17
149 139
306 665
192 224
671 75
342 328
308 684
242 339
84 17
451 52
121 483
501 34
299 681
552 568
27 386
641 372
275 206
152 485
531 87
562 305
141 245
485 490
230 18
413 453
650 300
74 357
438 105
508 294
329 518
659 690
324 49
361 346
564 672
661 562
118 391
57 58
681 629
88 232
636 176
98 175
378 347
298 139
64 692
191 292
30 151
418 682
519 162
168 410
576 301
676 430
512 577
36 182
573 324
245 494
405 528
521 434
272 2
521 690
31 643
680 224
267 165
379 211
92 555
567 424
680 667
373 684
376 250
272 330
506 427
662 669
386 328
601 369
651 596
181 90
569 102
600 681
70 621
325 19
318 466
482 601
472 343
60 10
262 309
693 57
44 200
238 7
66 171
431 157
661 655
476 415
448 698
194 356
240 80
196 185
309 22
280 33
676 68
285 359
531 586
394 436
159 3
349 425
182 225
395 146
236 613
292 89
40 589
79 380
21 73
604 349
90 360
414 519
175 116
129 55
514 161
260 199
611 318
335 520
316 627
324 94
440 192
252 333
539 217
133 506
37 403
196 651
47 128
95 609
694 402
584 195
111 301
284 375
548 474
3 12
111 300
404 80
301 628
384 218
470 225
675 577
59 547
551 455
644 515
515 276
606 428
592 399
526 614
314 159
289 373
353 292
295 354
601 221
625 113
461 106
519 601
277 252
535 601
36 412
533 113
306 41
540 446
514 641
382 231
676 402
500 271
334 408
121 244
56 195
106 543
142 159
638 344
186 183
472 689
415 75
490 681
626 363
612 382
511 302
495 212
268 288
379 462
242 310
653 99
529 428
390 358
439 105
161 351
689 128
214 691
515 43
358 488
141 376
655 477
632 480
396 212
509 636
458 648
215 107
576 84
267 170
521 86
562 357
592 85
121 643
64 52
662 93
672 138
287 159
316 546
78 623
414 607
30 367
154 662
306 631
489 81
152 400
484 32
282 464
249 67
141 269
474 638
125 513
95 462
50 76
92 537
352 405
335 221
80 86
71 620
591 53
189 614
550 266
84 680
629 274
466 69
186 630
649 291
130 375
110 24
62 415
235 85
171 634
330 88
106 518
693 345
460 493
255 433
185 120
381 98
272 598
189 171
16 255
187 444
85 191
33 64
343 295
455 371
139 138
697 659
648 41
261 367
206 541
420 281
633 623
181 641
326 534
388 251
658 321
394 64
128 324
138 238
478 409
476 197
228 232
258 541
433 8
295 385
34 397
338 111
641 194
475 510
695 279
565 109
338 377
456 158
223 363
666 227
384 634
293 334
154 53
587 608
657 182
551 312
281 636
212 621
485 413
428 13
187 377
51 674
620 582
646 434
194 128
67 616
620 628
287 367
169 357
591 15
145 343
132 379
333 303
294 444
486 48
316 381
494 452
190 304
371 156
131 669
200 155
111 287
602 329
277 671
152 292
158 586
188 451
26 575
591 2
292 237
547 8
310 366
567 600
363 168
175 603
572 131
335 551
432 522
251 353
548 599
369 65
509 4
27 666
111 59
539 357
14 118
493 296
111 278
428 100
556 535
617 552
449 187
689 221
116 195
675 623
108 610
494 361
150 587
485 477
621 320
37 480
653 397
115 100
50 414
571 553
67 323
88 666
73 254
603 29
346 512
436 398
293 213
673 588
419 438
226 299
41 429
592 114
303 664
261 21
5 8
342 675
190 113
529 537
377 395
306 183
330 687
204 365
158 36
20 602
655 277
227 269
410 23
22 24
354 229
320 154
598 88
119 326
423 346
515 142
181 307
604 130
537 90
47 10
356 563
590 536
167 410
253 14
694 214
173 142
455 43
173 149
583 337
421 300
331 368
293 693
374 252
569 99
684 548
418 347
321 34
376 551
27 94
222 129
691 440
624 145
87 393
87 276
410 433
429 213
623 527
244 294
532 463
492 188
547 625
317 516
167 484
641 106
570 337
104 636
82 105
419 553
271 254
684 140
172 499
525 547
246 541
18 647
201 536
213 288
493 369
406 361
462 241
25 367
56 136
336 450
142 217
679 572
540 254
561 28
78 692
353 629
441 479
303 466
83 542
173 418
649 365
326 357
17 84
242 41
106 305
363 219
234 587
328 402
26 378
609 291
125 350
110 612
67 439
513 443
489 528
587 518
114 389
75 335
188 615
564 242
413 590
48 436
622 482
393 37
411 450
699 562
49 571
601 316
564 606
578 513
684 545
228 108
384 580
237 421
50 558
368 3
258 316
403 533
674 13
487 456
279 629
405 82
598 166
133 354
410 88
92 65
5 673
332 45
610 90
167 233
75 546
564 674
493 538
160 53
554 30
277 431
361 469
77 23
440 318
366 285
238 40
505 246
413 255
201 463
413 169
215 335
491 169
676 581
613 161
191 17
586 356
503 62
118 10
369 129
455 81
669 325
227 690
318 402
643 201
582 568
201 662
567 341
387 384
467 44
299 448
619 337
530 647
542 18
21 165
243 176
684 362
605 222
331 347
220 671
290 662
332 220
597 92
120 321
69 475
57 105
171 52
102 665
458 347
418 542
123 226
68 607
82 657
254 521
239 451
421 86
209 14
325 77
442 613
526 521
275 66
283 434
164 384
154 184
355 316
517 274
248 640
369 19
312 197
449 265
511 69
674 619
141 81
37 257
140 329
613 478
340 626
148 58
623 409
541 228
312 394
493 11
151 20
484 340
480 28
413 406
538 637
699 182
159 211
414 527
686 601
337 563
160 297
364 589
219 410
377 599
89 645
126 132
514 153
101 153
493 33
495 424
461 236
551 162
284 640
447 416
589 212
158 603
263 645
484 80
274 108
676 214
578 545
223 653
610 531
546 164
388 424
170 108
28 514
676 633
218 156
37 463
612 275
636 225
433 240
80 566
58 487
64 244
491 390
372 90
534 184
478 59
615 65
439 173
526 254
69 49
163 99
110 96
385 134
159 314
435 71
454 339
111 550
498 43
129 192
198 480
120 129
173 515
300 384
125 344
556 377
425 582
38 681
198 31
458 76
498 606
536 575
208 212
226 585
94 409
490 307
544 342
629 177
186 496
201 65
188 107
109 146
430 290
147 662
163 48
187 341
183 13
387 442
130 655
147 421
700 431
612 251
34 164
608 449
471 89
360 652
85 96
526 306
254 43
591 422
264 164
121 610
564 270
566 414
143 90
50 386
151 236
46 496
113 210
78 420
358 404
380 317
679 482
223 469
186 38
108 569
198 254
300 623
679 534
249 141
591 393
270 391
1 362
264 294
77 229
391 392
152 691
510 32
22 362
508 233
158 687
304 108
579 183
20 519
22 293
194 129
207 342
568 49
241 519
646 186
520 96
266 61
606 322
308 581
163 427
624 373
674 26
629 641
559 482
264 639
70 471
554 153
482 611
251 107
94 396
268 106
585 656
652 532
18 63
547 48
338 109
176 19
226 103
333 65
124 95
573 278
143 552
646 200
577 131
424 685
658 101
547 51
513 139
253 32
297 525
20 161
246 692
487 395
654 233
507 85
141 2
614 320
441 103
605 600
215 291
35 561
3 630
45 390
318 399
92 358
539 679
510 117
335 493
134 690
562 697
320 479
115 223
576 47
248 309
378 164
632 478
223 520
82 142
640 313
383 443
390 18
359 6
585 690
145 630
613 108
362 395
650 620
408 207
451 372
172 254
635 612
397 448
310 557
403 610
491 201
609 268
479 143
211 486
201 545
601 42
92 244
577 134
175 525
280 85
663 538
312 669
156 427
53 37
409 674
434 354
74 695
335 212
374 510
678 142
163 442
586 162
181 548
41 264
166 414
67 7
490 336
647 139
117 37
223 551
555 478
378 473
310 21
184 262
427 67
405 278
222 44
359 559
484 71
386 559
586 40
560 695
416 341
42 15
196 445
586 301
174 86
341 241
17 395
289 63
84 410
392 195
614 511
537 475
267 364
265 24
105 553
141 319
680 537
519 203
682 148
191 199
447 621
673 181
640 320
452 342
99 376
485 459
479 263
198 537
207 46
262 569
150 548
559 130
568 20
52 439
304 287
121 202
297 628
120 699
40 306
682 111
465 564
123 192
226 381
147 458
394 563
602 164
301 342
94 245
205 642
592 131
693 225
665 326
206 215
528 189
212 296
654 245
303 657
222 211
443 51
335 169
157 117
259 95
623 338
465 288
624 118
419 19
270 362
343 686
604 686
448 357
249 139
126 405
595 334
486 337
237 572
331 355
560 285
619 68
32 404
5 14
355 285
122 223
254 690
390 486
617 424
461 194
258 429
647 654
622 208
288 280
44 685
351 659
618 363
269 653
490 240
682 47
550 231
219 295
25 469
227 107
19 554
489 59
615 460
176 101
556 427
450 630
273 628
402 514
245 467
700 181
151 267
200 617
383 12
36 375
16 496
86 465
51 460
209 238
673 196
243 330
124 190
658 74
183 8
665 80
503 375
175 492
538 617
61 291
571 303
310 6
10 603
389 10
618 374
467 355
513 372
92 47
323 359
426 401
348 151
102 587
455 301
281 659
684 305
180 389
98 567
416 616
20 166
569 252
259 290
270 167
242 459
387 200
221 587
343 79
638 446
21 460
161 70
309 628
351 506
28 475
253 180
148 649
523 465
220 260
433 135
205 420
68 230
40 117
501 335
260 535
643 631
626 142
316 424
204 532
592 554
158 507
550 416
85 29
423 138
565 527
49 680
31 98
429 604
348 124
113 312
693 314
85 148
645 525
373 422
552 223
461 489
102 340
466 28
164 229
673 435
54 35
132 224
43 322
192 432
322 442
122 575
287 80
296 102
573 406
581 203
318 453
355 50
338 348
529 438
185 206
172 604
296 284
329 21
490 52
178 200
440 190
377 234
344 229
270 118
97 699
235 249
480 611
94 366
240 336
336 348
427 319
482 420
678 510
289 631
80 163
643 633
244 204
644 259
592 564
164 364
202 15
615 62
666 568
211 341
142 100
526 581
479 689
133 313
439 669
82 664
269 672
171 663
417 35
466 97
633 538
190 96
589 554
114 1
241 109
44 291
115 49
559 557
676 523
563 641
625 373
408 302
580 394
330 466
267 65
348 177
76 438
667 21
283 212
255 211
477 590
393 32
335 429
524 461
111 74
302 149
271 90
502 72
557 29
496 233
690 133
221 674
592 220
665 648
338 261
343 78
218 502
244 227
427 250
52 540
20 338
459 452
22 456
656 142
482 255
389 85
583 211
78 616
215 22
231 41
444 161
597 104
267 297
628 197
21 254
264 78
423 210
678 232
284 687
511 477
105 681
20 494
532 239
554 77
632 220
20 216
217 73
537 632
65 326
519 51
355 528
195 454
391 299
423 247
470 224
683 310
659 320
19 513
549 256
357 436
430 369
118 583
100 575
656 99
158 685
244 695
682 492
345 471
230 46
677 588
45 647
555 215
404 379
71 445
439 318
83 537
543 87
358 420
573 292
183 317
393 396
660 120
32 380
676 661
55 353
160 530
361 687
474 31
673 422
308 491
62 245
177 224
220 103
317 580
73 671
551 502
192 625
291 12
185 64
450 111
125 463
163 265
298 534
684 648
656 130
378 627
371 145
662 110
449 461
666 259
7 613
647 123
104 657
281 213
430 486
676 369
442 105
14 462
142 274
444 318
438 391
622 13
497 3
11 266
310 549
244 381
303 408
89 500
21 248
426 485
250 408
217 341
42 467
72 483
171 386
671 73
94 601
612 206
508 277
375 134
249 127
294 282
366 216
511 617
335 518
674 569
571 124
557 617
613 649
109 355
697 459
467 599
60 368
141 34
285 115
204 477
396 463
175 335
293 616
242 166
615 207
189 310
455 60
515 583
465 401
547 292
61 658
462 602
95 408
131 484
681 275
485 390
194 122
71 593
92 607
18 421
150 55
639 210
320 377
11 684
601 549
649 245
572 667
80 538
511 198
615 151
456 637
610 137
9 561
617 310
644 118
47 75
376 156
113 109
187 363
170 254
145 582
616 299
6 49
669 635
436 54
148 47
308 594
314 190
278 134
633 317
508 228
289 195
621 349
70 435
636 608
626 75
657 69
643 241
46 421
401 680
570 93
626 320
139 34
347 92
570 455
88 90
2 386
367 267
537 58
223 132
519 639
348 667
301 304
475 119
597 546
523 171
197 457
130 427
338 8
231 552
136 138
242 250
283 396
279 169
293 403
139 361
355 126
243 612
282 389
99 213
623 624
696 86
670 603
355 399
312 148
687 162
56 669
621 284
458 8
695 138
64 632
558 49
624 117
149 496
278 102
19 504
199 113
21 218
500 612
310 392
634 180
683 2
598 538
641 121
380 398
477 657
296 669
101 632
247 589
28 130
358 230
144 591
575 550
458 111
468 157
392 440
355 135
112 515
485 113
599 536
134 681
151 296
201 377
338 228
228 700
77 306
339 305
670 624
131 315
463 103
245 270
632 547
181 290
407 340
109 596
426 258
522 134
113 14
560 622
330 160
157 249
351 281
32 662
140 169
410 468
298 64
64 700
634 105
200 699
658 543
514 154
198 155
354 439
188 572
603 43
546 259
29 661
671 321
39 137
526 514
190 402
539 130
279 643
404 330
168 40
508 278
255 289
224 520
178 27
202 310
190 371
367 597
59 197
288 568
62 633
326 100
84 602
263 462
519 187
93 491
434 684
138 216
596 631
26 230
322 531
122 169
504 254
189 485
606 629
296 334
676 158
379 141
267 203
283 220
71 582
193 559
439 661
617 450
503 179
491 183
629 406
511 668
103 444
383 338
433 566
395 625
473 319
228 443
631 173
7 593
614 662
450 262
413 354
5 675
283 130
287 236
664 309
58 547
248 595
629 155
341 602
449 525
228 369
691 648
565 601
14 132
58 4
537 603
71 588
353 628
539 168
378 269
566 518
559 520
463 665
243 374
137 588
149 7
211 244
84 187
325 630
401 350
437 52
119 4
147 289
330 468
109 529
384 258
95 103
437 60
163 348
289 266
86 669
536 598
348 620
317 663
173 540
236 591
220 501
11 624
305 168
600 304
667 509
5 495
476 368
5 378
434 597
487 659
214 147
109 267
560 272
111 82
263 83
90 210
611 629
428 239
109 393
274 423
158 551
446 53
321 179
126 55
667 595
37 65
600 597
101 466
328 282
327 299
383 548
264 439
95 194
52 601
648 437
309 118
259 660
130 170
348 86
266 586
401 649
636 548
693 255
536 634
526 32
644 294
596 246
594 443
270 393
367 162
674 691
133 564
256 140
488 563
207 168
227 469
686 222
287 576
483 373
550 512
630 539
594 273
63 118
384 425
163 270
149 327
669 238
218 47
534 321
74 621
697 356
228 323
570 565
422 188
546 319
627 142
649 1
550 681
340 339
571 504
374 385
52 669
78 47
225 673
44 362
44 674
425 416
16 104
321 127
537 359
425 344
350 127
217 502
223 347
48 187
414 508
466 71
504 62
120 544
488 553
440 687
133 598
691 128
142 224
576 490
596 563
622 134
67 652
583 481
25 674
301 137
561 454
421 600
39 549
458 57
277 488
142 441
79 161
227 277
464 22
428 14
254 169
80 10
157 286
281 59
200 618
699 142
22 428
253 390
697 393
251 446
14 374
490 700
380 683
565 173
615 499
16 698
693 371
456 364
137 677
7 192
628 477
153 431
321 599
688 458
368 620
133 198
480 492
514 529
303 689
668 401
479 357
24 166
66 294
490 584
114 586
217 419
3 187
292 687
318 461
367 456
81 275
497 390
249 273
289 638
159 675
570 281
443 272
89 555
678 606
128 312
468 601
426 583
430 547
118 252
283 72
433 478
185 488
645 195
555 159
18 87
278 200
323 76
35 264
505 560
648 389
411 258
607 25
676 406
68 51
312 691
410 454
299 48
254 609
256 384
173 266
69 330
47 695
47 210
12 393
530 395
559 511
467 298
498 228
631 467
146 155
95 190
224 667
601 214
600 285
575 694
138 413
367 498
603 63
263 596
311 170
118 320
557 694
89 583
678 604
384 487
452 94
633 180
612 434
216 27
639 7
568 216
414 423
186 543
520 409
244 615
449 168
461 251
310 253
467 398
468 393
262 518
554 362
369 689
634 87
292 464
99 449
21 65
434 649
443 140
468 248
156 243
472 446
598 207
538 130
231 283
75 336
255 439
672 40
564 354
46 623
508 540
152 225
205 287
358 322
685 46
349 671
389 341
491 516
662 372
113 691
688 66
256 415
312 282
125 696
628 621
330 261
225 164
550 468
140 449
673 386
565 512
200 13
190 607
479 262
97 471
583 444
150 628
110 633
548 60
211 305
518 236
583 305
518 543
357 421
202 447
671 569
607 399
317 611
207 491
107 337
698 240
239 243
210 247
545 587
32 113
689 613
31 45
83 355
148 434
100 214
404 557
132 235
302 651
300 240
145 351
84 560
490 34
571 666
90 616
246 691
360 472
698 186
134 373
241 476
267 48
401 9
300 294
553 173
188 522
5 94
622 341
129 595
457 373
157 422
304 408
444 456
163 46
439 545
199 317
78 567
622 254
162 611
24 116
242 614
214 215
448 299
574 91
70 407
250 71
287 57
280 390
75 174
220 58
434 103
426 520
217 268
51 434
34 99
611 456
316 168
153 571
28 275
318 297
143 557
682 372
597 86
17 337
85 664
552 141
298 587
487 668
568 383
633 672
533 159
41 453
651 293
519 255
406 691
33 254
474 123
551 338
155 462
172 150
647 388
499 362
342 181
357 621
228 94
178 326
295 194
604 379
111 178
237 509
417 163
326 679
588 39
594 153
431 289
78 210
203 599
261 605
253 637
427 293
421 87
234 336
113 692
34 334
574 642
252 195
372 416
198 639
605 183
141 367
549 628
467 216
464 422
592 264
533 264
409 37
215 95
565 346
483 417
73 189
362 299
390 587
15 377
432 519
5 275
502 490
679 5
13 509
153 312
362 2
349 100
697 236
482 425
556 172
212 86
13 568
364 667
420 92
495 474
613 26
532 101
31 68
383 539
94 580
474 159
519 542
694 207
681 346
41 363
386 626
476 190
268 693
616 127
651 454
201 462
405 563
610 264
365 658
42 330
106 505
185 582
478 672
321 136
350 271
683 28
64 594
380 521
698 526
54 244
344 386
608 395
494 663
306 505
628 30
619 427
355 60
117 109
64 204
195 522
360 446
211 391
359 60
589 462
674 285
477 620
649 384
621 362
665 419
63 61
588 416
275 146
191 616
540 15
525 386
497 211
166 596
130 281
173 230
637 268
396 93
252 377
539 606
377 7
128 107
502 303
30 599
594 403
235 511
345 55
100 638
691 680
157 545
481 159
15 216
446 210
172 88
559 287
472 89
231 213
1 365
445 214
189 572
261 399
343 95
623 103
30 576
59 564
518 376
650 449
344 544
480 473
377 570
699 114
388 504
409 247
386 684
205 525
304 674
227 697
252 446
18 473
15 392
279 158
71 672
285 676
512 509
241 221
487 314
141 551
664 553
53 690
552 92
367 272
695 79
379 189
128 480
119 264
229 691
435 470
157 511
254 20
562 127
142 311
628 515
215 456
583 358
655 326
630 624
41 530
31 547
33 101
653 489
237 626
560 151
346 208
477 33
226 489
370 333
394 329
412 194
200 460
219 575
27 106
211 422
543 16
319 178
569 189
656 124
555 565
28 249
592 87
668 635
411 318
251 95
134 320
636 642
508 70
331 572
256 472
365 149
365 325
587 528
174 648
478 650
573 523
261 287
453 41
694 72
122 599
474 93
103 316
168 207
326 681
186 210
298 135
145 405
282 440
230 95
230 614
238 162
304 76
318 627
430 383
516 116
187 601
487 678
199 129
537 19
599 622
468 105
602 257
426 362
575 458
254 355
288 295
692 68
228 261
389 214
297 34
337 232
197 620
694 651
534 16
467 56
536 97
591 609
180 145
387 210
689 378
408 79
509 77
509 250
116 255
448 116
105 82
89 123
131 684
372 14
291 506
309 392
584 209
16 199
16 365
631 677
497 234
686 151
464 140
486 470
649 212
506 307
445 144
222 486
194 425
185 338
77 475
630 617
578 255
639 700
245 254
503 535
84 624
583 201
390 89
320 73
406 287
559 670
681 622
649 74
186 249
218 199
132 597
514 620
179 285
336 150
587 44
403 602
131 36
434 474
638 140
83 209
440 121
335 320
115 534
282 695
17 286
311 518
642 659
48 96
312 84
525 178
551 332
110 233
506 170
386 74
252 246
602 239
596 514
447 455
30 498
393 344
101 342
685 433
630 49
585 606
471 603
460 60
445 573
17 138
385 649
245 14
357 286
570 257
236 561
513 217
439 77
465 6
380 666
378 505
73 428
205 542
217 452
571 488
355 75
111 321
292 599
450 240
84 292
394 651
245 651
663 644
188 652
599 572
376 477
244 178
97 39
131 455
450 201
592 602
280 39
525 375
623 402
618 489
698 297
455 20
402 569
460 627
85 274
74 551
590 373
218 261
677 558
52 353
437 131
38 682
105 604
383 112
569 223
190 699
417 285
101 140
416 102
268 247
303 634
370 280
476 156
330 41
164 145
472 318
465 265
500 622
193 491
680 625
602 9
365 37
161 411
415 580
500 223
290 226
464 375
462 449
475 661
58 571
66 61
261 609
461 502
678 76
430 197
340 155
221 300
311 101
101 449
234 339
342 94
498 70
408 226
276 114
401 77
259 498
434 570
390 682
622 308
13 208
364 65
249 10
14 149
15 337
75 494
440 141
412 279
138 684
514 457
583 2
55 90
482 15
561 180
74 264
407 551
359 236
390 501
226 42
327 544
633 292
588 557
38 667
640 533
302 294
177 48
501 314
197 677
544 517
513 538
262 428
475 132
261 533
122 485
298 312
252 658
205 118
156 256
582 353
50 63
516 625
492 299
410 80
665 75
606 627
192 364
323 536
279 201
489 452
382 632
461 630
223 299
643 362
673 357
223 670
223 242
71 40
58 570
214 51
344 169
692 378
178 282
213 202
289 449
502 655
32 174
50 582
497 90
378 318
673 160
261 512
242 341
327 598
44 308
125 483
107 102
205 21
461 187
47 585
540 546
401 664
575 167
560 148
362 505
245 677
380 680
368 622
165 464
683 83
629 225
611 552
444 124
408 394
453 502
184 213
235 155
43 467
435 313
699 60
4 223
661 503
628 497
247 113
80 439
220 542
289 609
218 547
406 516
131 133
267 108
539 457
227 507
567 172
254 339
450 509
573 176
292 584
216 539
168 368
231 54
127 240
124 383
316 666
28 645
501 601
501 558
22 173
516 531
520 27
309 66
367 274
197 441
474 313
220 414
226 26
691 147
318 640
128 668
334 542
566 327
230 499
96 423
699 59
514 6
101 48
207 477
283 99
58 555
449 661
315 409
387 157
495 345
508 612
169 534
366 596
643 669
372 599
145 234
46 68
48 505
300 688
328 216
504 350
268 553
613 214
147 6
437 440
17 129
48 169
635 131
651 563
504 437
125 393
593 353
404 562
323 159
71 459
68 499
555 449
665 184
408 534
564 180
640 527
314 387
231 467
258 58
574 639
625 103
410 541
366 87
648 327
391 41
560 505
124 655
554 588
322 359
557 186
412 195
507 211
489 438
674 137
323 75
162 584
233 228
75 158
686 500
518 695
579 110
85 489
422 154
28 261
34 147
568 681
108 223
2 151
296 306
231 108
265 505
635 395
77 288
64 285
88 120
211 500
144 55
579 332
412 305
574 658
363 575
92 657
493 4
217 283
128 376
575 556
19 630
426 455
688 2
497 402
233 239
423 568
266 627
226 18
49 385
555 662
14 292
539 268
58 382
462 280
592 424
638 13
643 109
627 456
236 135
290 604
659 405
120 482
476 527
534 139
493 124
148 213
219 170
43 331
487 28
538 185
38 657
504 119
448 254
460 386
138 10
127 633
492 218
5 171
127 538
35 358
696 259
223 572
185 128
593 542
40 401
475 58
227 64
581 53
399 541
355 558
625 99
60 483
198 418
591 686
595 169
621 529
606 671
481 306
629 201
513 70
56 191
222 572
481 81
578 298
368 571
123 476
428 335
167 113
108 391
319 328
327 670
416 174
269 263
370 485
467 299
338 208
642 485
296 26
211 676
563 197
302 602
269 74
241 25
126 115
532 602
427 437
5 478
388 492
470 320
471 565
316 27
188 547
369 469
377 301
572 430
657 105
507 496
637 420
555 652
553 183
322 595
124 224
208 317
645 483
387 537
637 395
630 175
475 201
572 286
61 15
75 425
346 338
220 543
518 386
194 104
598 691
192 100
267 665
194 590
101 553
229 557
544 104
321 659
582 156
693 497
63 694
256 424
533 354
412 199
112 473
287 281
215 254
689 328
310 461
41 446
591 198
642 170
101 226
679 80
11 40
192 285
572 256
553 187
210 610
587 241
549 322
474 589
639 85
255 160
610 262
211 136
526 684
536 77
57 589
538 145
508 464
83 658
45 561
497 530
474 129
81 203
145 241
510 649
111 174
47 151
273 695
543 502
88 321
122 138
213 461
576 580
364 645
594 113
131 95
325 124
566 133
165 183
219 38
483 672
324 627
503 55
148 227
116 145
17 31
85 108
201 589
435 462
103 90
3 502
689 348
418 263
579 302
55 253
453 87
218 178
645 75
306 279
434 192
308 486
367 533
438 664
352 671
41 272
461 437
164 507
580 439
394 443
251 249
42 366
675 297
681 420
595 699
367 234
51 580
392 679
610 493
340 292
150 42
348 587
111 664
182 561
402 354
455 326
506 115
536 61
56 442
112 128
673 120
321 511
309 425
217 77
235 675
530 423
12 686
151 96
485 545
497 357
154 346
374 664
505 12
53 241
685 374
368 345
513 185
296 191
364 51
155 133
518 230
64 188
157 571
524 336
699 612
52 350
285 362
492 577
665 657
547 3
328 126
564 317
638 94
525 471
128 409
50 514
216 370
46 213
108 523
391 410
325 589
420 613
270 576
240 403
286 653
217 145
95 18
359 289
117 596
632 342
183 312
149 156
297 380
590 327
223 104
603 25
482 260
651 278
181 174
580 677
77 477
552 118
105 440
242 326
384 418
367 329
500 373
476 139
26 346
304 611
289 441
147 283
66 417
82 566
408 588
66 577
177 352
257 422
87 63
312 545
111 385
678 343
144 623
550 511
280 470
178 493
504 467
332 59
141 29
653 98
380 161
456 284
634 485
1 70
52 517
552 449
244 228
114 565
356 297
291 402
549 610
537 8
512 657
488 447
508 160
491 153
417 65
68 322
620 37
44 329
233 510
26 177
2 454
34 205
333 608
238 109
657 219
357 290
494 362
131 24
23 614
318 379
580 224
631 257
174 13
221 330
41 181
46 185
486 589
426 211
84 107
456 213
259 381
441 623
548 57
538 442
244 251
636 519
533 74
135 274
240 414
460 349
242 135
677 59
523 315
679 230
416 270
306 436
13 123
66 54
107 199
584 266
502 658
42 475
292 107
9 478
11 264
521 68
561 53
295 422
313 9
504 526
455 12
381 374
160 246
178 513
655 459
78 693
461 363
284 291
350 463
624 594
278 30
429 294
631 15
296 465
300 12
382 256
403 356
250 168
615 531
53 309
302 186
231 411
151 618
231 512
268 561
251 174
655 260
423 637
287 40
461 358
38 412
46 567
301 669
448 420
80 485
295 663
32 263
229 292
387 535
54 495
216 646
289 438
480 536
331 176
657 402
434 104
289 128
637 668
543 75
515 157
246 241
169 560
298 416
690 523
442 471
600 378
87 602
625 24
416 596
257 495
541 537
339 306
503 9
58 326
439 600
333 566
204 46
347 693
671 185
618 456
247 514
377 408
183 368
78 536
252 327
533 41
272 531
546 333
213 63
515 621
204 382
459 288
609 292
267 458
348 400
624 614
399 651
208 318
292 421
106 237
58 192
325 70
479 628
309 190
586 148
205 502
257 117
664 425
153 428
6 137
495 166
109 403
403 284
178 490
512 137
531 581
109 628
152 475
410 83
507 604
214 673
434 113
87 134
250 477
485 269
373 431
351 413
563 179
493 289
670 384
303 41
245 208
239 269
521 8
354 605
56 152
643 83
686 159
533 598
469 204
160 616
36 204
616 255
528 640
182 337
696 602
320 381
299 248
268 335
320 362
85 243
622 390
486 231
442 75
279 664
382 674
241 70
188 624
546 47
84 52
563 81
267 109
700 137
221 505
438 61
106 246
151 623
609 274
306 664
377 46
425 67
186 671
177 329
516 684
233 134
652 440
612 296
48 157
645 305
228 503
464 239
610 439
147 647
26 152
87 58
253 403
250 212
292 623
371 195
170 151
193 681
422 533
455 194
262 329
492 264
490 319
555 162
1 638
507 440
447 64
530 493
439 11
364 331
556 494
263 604
672 294
473 593
488 269
442 360
143 61
297 611
253 679
558 69
131 378
70 522
286 418
30 682
222 497
65 627
490 664
574 138
366 625
87 333
437 602
41 424
640 506
76 502
679 672
270 412
151 156
255 280
290 66
480 532
331 157
686 398
263 271
645 627
373 495
233 2
543 84
196 612
648 61
186 658
277 292
550 267
151 595
543 12
259 627
662 273
556 146
325 422
183 134
477 549
533 81
208 323
600 640
493 182
595 252
49 141
314 255
184 56
271 100
181 260
340 383
508 663
97 480
469 412
558 178
345 245
610 356
161 682
68 437
512 510
60 601
243 163
201 422
569 276
688 10
534 221
45 143
146 31
556 659
609 567
451 274
147 236
433 496
36 416
30 536
504 427
16 412
412 42
258 118
589 278
665 464
349 406
451 689
81 308
648 201
329 495
384 21
480 425
105 177
654 104
99 362
23 373
349 440
637 52
278 320
415 368
166 56
58 640
296 540
4 581
437 530
631 182
175 297
636 150
252 198
78 96
553 107
175 396
327 481
314 435
625 660
285 177
616 558
62 448
657 449
129 120
361 496
26 526
511 156
299 346
330 438
452 533
421 233
151 437
474 650
29 339
247 636
461 639
136 5
386 522
361 240
241 6
199 253
390 600
200 262
477 555
116 77
611 622
155 322
163 122
348 480
498 21
652 540
139 423
93 53
485 199
698 572
206 108
224 548
651 135
453 451
502 312
245 643
164 532
295 495
23 112
576 634
339 293
31 530
493 385
255 675
432 375
254 635
306 4
342 445
240 28
220 626
598 401
670 28
18 434
21 376
295 264
371 132
133 342
46 88
156 158
691 345
135 141
308 632
656 21
358 34
467 533
690 445
86 101
650 489
689 444
103 344
79 538
123 545
323 335
329 676
600 493
233 486
675 21
44 242
27 295
296 67
120 674
576 226
277 81
228 564
583 157
40 522
639 25
415 665
323 519
251 149
307 679
668 161
455 105
590 92
210 379
279 627
337 285
338 503
628 193
307 624
66 181
693 632
60 31
662 431
363 332
334 11
607 133
401 75
399 42
526 244
526 78
355 472
371 408
442 396
396 153
416 397
582 192
605 523
676 458
505 522
218 519
468 229
239 339
67 197
561 540
389 527
459 407
26 589
555 617
592 354
183 162
667 156
391 626
416 559
410 500
379 150
579 126
616 546
147 598
374 107
686 302
380 46
646 401
427 230
525 599
339 615
621 152
328 254
625 258
191 377
458 303
517 646
467 76
232 3
623 113
444 608
66 523
454 76
551 172
517 219
141 155
641 557
460 59
221 281
604 462
137 269
573 371
553 565
405 312
41 591
131 694
697 397
256 223
213 198
261 78
227 496
285 227
197 536
505 682
47 445
438 658
241 614
171 107
534 98
324 253
5 689
262 544
296 253
469 193
244 324
508 627
608 321
252 298
254 243
256 413
605 377
610 511
656 125
159 197
107 692
441 483
92 614
650 421
646 483
384 17
679 93
495 422
663 275
519 481
625 307
65 208
398 19
181 315
675 291
526 157
534 451
492 526
121 650
289 453
221 327
512 574
520 292
271 508
385 382
182 183
336 170
180 150
149 137
649 699
141 26
587 456
58 244
275 559
325 574
535 62
657 436
549 370
590 681
233 437
79 83
648 656
461 208
55 654
554 442
176 63
291 97
364 396
150 586
217 464
208 176
602 578
559 155
470 426
392 232
483 220
644 641
640 638
145 483
75 516
282 544
211 306
438 647
492 397
603 667
696 361
75 432
349 437
163 391
371 631
236 219
270 455
576 12
551 285
44 562
658 590
678 275
58 64
224 638
529 293
430 172
444 471
538 476
224 36
71 52
682 357
275 270
81 513
115 501
242 371
626 272
173 438
284 185
591 575
121 268
43 169
477 263
455 388
376 602
155 10
472 128
21 494
227 468
350 316
403 310
133 375
528 146
310 56
450 528
369 239
503 135
40 287
48 292
303 176
440 262
219 384
498 507
223 691
437 197
589 411
486 219
540 28
690 37
66 495
281 80
24 466
487 319
281 676
367 626
337 675
78 640
432 86
317 532
501 197
139 410
149 535
538 76
79 138
673 16
37 300
352 292
8 95
396 321
578 556
634 134
250 609
338 53
678 474
629 128
324 418
367 336
472 625
534 429
52 296
94 586
246 353
265 46
407 404
254 298
656 320
277 30
169 96
292 447
418 487
688 336
33 293
262 565
588 61
177 682
4 519
194 218
459 371
124 527
490 217
58 363
395 512
566 558
479 631
3 165
611 233
613 580
115 674
90 245
453 195
36 571
345 415
414 66
552 314
460 238
633 694
297 190
161 117
391 161
359 471
98 574
569 395
653 461
58 168
146 277
169 493
233 451
207 250
161 442
333 35
307 49
5 440
315 277
118 171
213 455
259 322
257 641
410 392
671 499
336 33
193 52
18 360
163 418
346 174
695 586
671 5
99 232
686 130
638 640
1 147
648 544
642 624
302 474
522 395
477 430
316 73
557 120
603 457
625 28
22 135
532 159
50 347
292 461
411 192
332 681
429 434
615 16
209 119
444 386
73 497
621 552
637 157
549 526
195 23
378 253
610 14
235 334
24 513
630 342
455 288
322 298
464 664
105 540
128 469
629 313
598 634
409 343
265 532
571 48
28 491
60 615
244 490
538 405
508 572
693 566
310 353
638 113
664 363
549 235
334 151
317 434
178 634
174 619
645 565
309 59
221 375
66 547
117 83
399 147
302 185
689 87
584 350
6 166
280 640
366 324
502 445
214 292
461 277
478 415
156 459
79 491
569 591
430 64
281 574
632 680
447 163
223 52
297 358
574 174
581 160
178 670
597 430
665 421
15 699
291 49
684 229
471 600
399 8
387 611
205 597
185 356
85 146
456 287
700 260
679 506
151 691
605 444
168 698
65 56
138 341
424 367
543 519
53 107
101 610
253 116
635 103
358 138
287 252
458 657
233 368
596 261
237 341
318 589
298 586
559 483
161 362
616 610
283 352
622 364
625 68
278 313
344 227
515 287
385 238
535 412
73 573
20 407
295 611
346 262
530 413
286 115
64 301
399 170
685 452
153 493
647 25
333 509
438 621
546 119
695 339
81 568
465 321
408 73
627 534
222 427
424 600
689 696
337 414
228 272
435 208
498 546
669 295
255 583
307 131
148 462
561 536
603 306
233 371
241 354
566 426
641 224
322 287
447 340
686 695
637 605
9 278
577 300
28 467
460 152
590 669
431 467
65 74
593 247
543 689
245 315
410 335
182 481
527 462
288 572
434 542
257 58
677 385
286 360
499 358
145 139
383 271
1 635
478 691
360 423
152 539
380 57
300 274
133 199
627 392
373 358
269 369
186 31
21 128
429 667
690 411
359 587
573 268
115 171
472 629
671 381
247 202
176 403
157 479
455 597
677 300
154 192
263 88
373 582
296 87
335 487
403 197
465 639
7 108
625 315
78 578
239 583
5 248
317 81
279 407
665 459
516 697
90 435
696 564
424 40
654 14
273 249
72 5
524 186
4 699
523 358
674 1
446 165
436 272
376 203
184 307
568 6
501 152
695 125
361 675
180 623
650 82
89 331
606 427
379 79
575 598
386 549
169 371
345 176
322 191
418 224
455 691
174 654
494 191
78 317
280 29
527 649
449 430
14 404
212 546
479 145
30 486
151 17
39 130
275 592
78 595
329 625
340 325
654 406
556 45
697 676
662 176
332 39
666 423
65 644
700 39
184 455
39 655
660 695
683 174
123 177
496 371
348 28
460 439
600 563
460 563