17
135
8 12 20
2 8 63
3 5 21
16 17 60
2 6 83
13 16 16
4 5 67
2 13 23
7 17 82
2 15 92
13 15 11
2 9 35
3 13 53
9 16 63
5 13 8
12 15 62
4 15 68
5 6 95
2 10 98
8 11 60
12 16 68
4 10 76
6 9 9
8 17 73
7 10 3
8 15 87
10 17 54
5 14 73
1 9 57
10 15 81
2 3 23
2 4 29
5 15 96
6 14 44
6 16 42
4 14 80
5 10 12
11 17 9
4 9 55
7 14 47
4 16 54
7 13 66
1 4 34
6 13 59
1 2 81
4 17 42
8 9 73
13 17 1
2 16 38
1 12 71
4 8 13
1 5 58
11 14 99
8 14 22
4 7 84
3 11 55
3 7 61
10 16 90
2 11 80
7 11 71
5 17 23
6 12 3
2 7 0
10 12 20
5 12 0
1 14 42
11 15 52
10 14 12
9 17 4
15 16 7
1 15 59
2 5 58
5 16 25
7 12 94
1 8 17
6 11 58
1 16 36
1 13 90
14 15 60
6 15 26
7 16 14
8 13 73
13 14 37
3 17 65
11 16 48
9 13 21
9 11 20
4 11 9
3 12 63
3 6 0
5 11 32
3 15 86
3 14 4
8 16 33
1 10 58
1 6 56
12 17 27
1 3 10
7 15 68
9 10 31
1 7 69
6 10 28
4 12 41
3 8 46
3 10 74
11 12 58
3 16 5
10 13 10
7 9 1
6 8 65
2 12 89
2 17 67
14 16 90
9 12 26
1 17 32
7 8 38
6 7 99
3 9 5
5 7 0
9 15 62
5 8 57
3 4 32
2 14 48
1 11 61
4 13 17
14 17 7
10 11 69
4 6 97
5 9 69
8 10 38
9 14 28
6 17 39
12 14 18
15 17 70
12 13 85
40
541
19 37 15
28 39 72
14 30 48
13 29 99
25 34 92
4 27 38
18 32 12
3 18 40
2 24 65
2 16 14
8 21 31
17 27 90
35 40 70
28 40 92
1 33 15
12 25 33
31 37 86
22 35 72
16 39 23
3 39 79
12 20 57
19 40 95
5 30 21
2 36 4
3 12 82
37 39 18
12 29 22
18 33 68
21 30 52
1 27 99
7 23 89
11 23 19
22 23 71
10 36 89
8 20 18
12 34 15
8 37 27
6 31 83
11 26 55
8 38 44
2 7 49
18 27 38
4 21 34
12 15 19
23 39 83
20 21 2
11 34 4
13 34 69
12 17 74
10 13 28
10 39 49
17 39 83
1 39 23
20 25 22
20 22 39
5 19 57
13 24 93
20 36 62
17 32 25
19 32 45
37 40 13
9 36 66
5 20 64
8 22 37
11 24 56
7 16 34
11 35 52
3 30 83
28 29 17
9 15 60
1 22 80
22 37 67
6 8 50
18 23 66
13 19 86
12 39 33
24 28 68
7 39 91
9 31 3
33 39 94
2 8 71
3 13 4
10 30 78
9 35 46
7 21 78
14 19 17
29 33 55
6 18 71
15 31 79
16 31 33
19 27 68
15 27 93
31 32 99
17 23 84
20 23 82
5 33 55
12 36 19
6 11 34
3 9 91
19 31 88
20 24 94
8 10 71
9 19 7
33 35 97
15 21 89
20 29 94
5 17 30
14 23 58
11 27 37
13 27 85
22 24 4
26 39 60
24 29 89
18 26 82
28 32 58
22 32 20
22 28 0
27 35 13
6 28 91
5 32 31
26 30 46
26 31 12
25 39 76
8 17 46
17 33 96
5 23 58
6 36 53
5 13 67
18 21 45
29 30 44
5 25 56
35 38 91
10 35 67
27 33 63
8 30 88
21 24 9
21 37 9
9 38 19
8 40 19
34 38 98
15 33 56
2 30 23
11 28 58
19 34 98
10 16 6
13 15 16
5 40 18
23 31 58
29 39 82
4 34 61
6 30 41
9 40 28
29 36 73
4 17 18
22 30 26
7 22 70
23 26 28
12 35 80
4 32 37
19 25 73
8 33 76
14 25 45
3 29 65
2 34 96
5 29 9
26 35 53
5 39 5
7 19 70
12 18 24
10 32 24
16 30 69
25 31 33
11 20 47
11 17 27
29 40 31
12 33 5
19 26 96
38 39 49
12 23 63
15 35 78
21 39 10
17 28 57
10 25 58
2 15 36
12 30 75
33 36 85
2 11 58
15 37 3
15 17 65
9 25 47
3 11 29
10 23 41
14 28 93
4 5 94
23 33 37
10 18 54
8 11 99
23 24 94
17 19 24
1 23 76
33 34 18
2 26 45
16 36 9
9 27 18
7 14 25
2 20 92
4 14 23
4 22 21
6 12 41
36 39 39
11 25 51
20 27 3
3 6 96
7 26 9
17 24 91
12 32 23
12 28 94
12 24 49
8 23 78
23 25 11
8 18 97
29 31 59
13 17 53
7 30 90
19 33 53
17 25 42
17 30 96
8 36 5
25 33 89
18 28 72
18 39 33
16 28 7
15 38 18
9 10 94
4 30 77
13 16 43
12 21 86
39 40 53
7 9 16
2 19 79
15 19 92
14 18 67
31 40 82
25 32 40
10 33 28
23 36 74
5 18 15
12 26 23
7 24 75
1 19 45
22 31 34
12 40 72
7 35 5
10 22 39
3 32 14
27 38 10
3 5 34
4 10 10
8 14 15
25 38 23
11 15 35
10 34 0
22 27 82
4 13 53
2 40 94
14 37 60
4 36 96
8 39 32
7 10 13
27 29 12
20 31 11
16 19 57
8 29 31
9 11 94
13 20 49
5 37 59
1 8 20
19 23 16
9 18 34
8 12 95
3 20 61
27 37 21
19 24 20
3 26 66
31 38 12
12 37 86
19 20 77
17 34 46
21 27 49
15 28 44
24 27 21
8 19 84
11 40 45
19 29 56
23 35 37
23 28 91
4 39 16
19 35 85
24 40 24
29 32 81
13 21 49
1 30 87
9 16 90
20 40 80
9 29 81
2 17 91
8 31 91
6 29 53
20 37 7
36 37 26
30 35 1
24 26 68
15 25 47
18 36 73
13 36 87
6 13 11
24 32 59
1 16 64
17 18 10
4 7 8
3 36 60
17 20 31
7 11 44
2 23 57
8 35 87
1 21 33
27 32 49
27 36 55
28 31 18
13 39 25
15 18 88
17 37 67
14 39 12
9 22 78
10 17 99
30 39 46
26 40 69
1 3 91
3 25 51
6 35 28
7 27 69
1 17 4
18 34 97
15 40 68
25 27 77
32 33 84
2 28 79
22 39 89
21 22 0
18 31 89
6 10 49
16 24 60
19 28 73
31 35 94
7 36 18
15 23 12
20 39 27
3 34 19
26 28 20
14 36 46
1 5 96
5 35 8
21 35 65
16 38 60
10 40 39
18 19 17
23 29 6
30 31 60
4 28 8
6 23 10
9 34 89
11 12 29
13 38 14
30 37 38
1 36 97
1 28 92
24 36 74
23 32 28
4 20 81
7 25 74
12 38 18
6 32 30
2 32 86
14 24 43
5 34 76
5 6 56
20 30 55
8 27 4
9 30 27
1 32 27
7 18 2
19 39 75
6 38 36
32 38 19
3 33 36
13 22 27
1 13 36
32 40 94
4 29 87
25 35 44
20 32 4
27 40 76
23 34 73
5 7 19
15 24 66
24 39 22
13 31 63
19 21 40
11 13 51
10 29 96
15 20 66
8 26 21
16 23 78
9 17 5
1 18 64
6 17 55
1 24 61
4 33 71
11 22 11
1 2 41
6 15 99
6 34 13
3 4 16
33 40 87
16 37 32
17 40 4
6 27 14
4 9 21
10 28 99
2 9 1
35 39 65
14 32 55
3 15 30
18 35 91
1 11 26
2 37 96
3 17 65
6 19 89
14 40 37
14 34 16
22 38 37
7 12 3
25 26 89
18 40 16
10 11 8
4 18 5
23 38 23
2 35 22
5 28 77
5 24 86
16 21 15
1 10 28
31 39 51
19 30 83
6 25 15
4 19 83
13 37 88
17 22 29
6 14 56
2 31 39
22 36 82
3 27 22
20 34 94
18 22 12
4 15 65
8 13 21
8 16 9
10 19 82
30 33 62
11 37 46
27 28 51
1 31 0
21 36 1
30 40 40
18 30 68
25 37 62
33 38 46
6 37 43
9 13 36
11 33 75
13 18 29
21 31 3
4 35 3
30 38 80
16 18 86
15 36 18
5 36 15
7 38 26
3 28 99
11 31 72
1 35 65
8 24 81
27 31 46
8 9 60
5 21 94
21 23 63
11 16 81
17 35 55
14 31 45
1 4 43
9 12 53
5 11 96
13 14 95
28 37 54
3 14 89
7 17 63
12 19 68
32 35 35
22 25 58
4 16 56
31 33 10
21 33 87
1 29 59
7 15 65
3 38 67
9 33 46
9 32 83
22 29 83
14 27 72
25 29 34
15 32 7
15 26 38
18 38 15
3 8 53
10 27 50
11 21 9
9 24 16
28 34 83
16 20 64
34 37 61
16 22 78
13 30 69
9 21 10
25 30 74
17 29 24
3 21 99
3 16 89
14 15 44
25 28 34
10 15 48
13 35 1
0