1569 2019 2264 1964 2037 2251 1868 2166 2268 1843 1747 2037 2858 2167 1916 1384 1374 1978 1126 2082 
1681 1944 2424 2164 1486 2266 2211 1996 2185 1707 1690 2318 2128 2040 1559 1402 1357 1887 1031 1989 
1675 2685 2277 2202 2334 2368 2169 2232 2405 1925 1590 2168 2817 2197 2074 1647 1781 2113 1253 2340 
1800 2415 1886 1893 2193 2383 1875 2116 2613 2235 1992 2001 2277 2278 1529 1599 1561 1893 1328 1851 
2040 2405 2152 2115 2233 2953 2461 2597 2753 2459 2365 2537 2879 2855 1852 1504 1526 2916 1466 2168 
1620 2195 2069 1943 2185 2643 2135 2348 2778 1961 1764 2260 2822 2203 1822 1352 1200 2593 1117 1855 
1473 1942 1702 1447 1613 1820 1583 1469 1766 1481 1441 1553 1949 1628 1321 1387 1057 1758 684 1378 
1490 2163 1947 2063 1986 2219 2076 1706 2103 1950 1507 2233 2107 2010 1654 1343 1496 1994 1271 1845 
1253 1825 1234 1366 1565 1548 1331 1425 1535 1348 1333 1284 1725 1730 1335 1213 1105 1391 988 1529 
1495 2076 2241 2055 2302 1932 1987 2338 2295 1783 1565 2152 2579 2095 2103 1306 1622 1718 1368 2172 
2334 2359 2519 2483 2344 2846 2574 2782 2844 2366 2213 2764 3132 2337 2250 1522 1702 2313 1514 2389 
1835 2594 2202 2031 2346 2414 2094 2096 2373 2107 1606 2232 2463 2762 1748 1635 1476 2403 1319 2054 
1503 1815 2043 1886 2160 2097 2131 2305 2197 1701 1528 2317 2400 2095 2110 988 1469 1885 1393 1817 
1820 2151 2256 2274 1851 2525 2114 2243 2402 1917 2005 2071 2629 2313 1556 1481 1453 2319 1178 2112 
1684 1786 1566 1605 1787 2000 1678 2044 2002 1899 1548 1905 2375 1942 1635 1063 1349 1657 1148 1828 
1945 1948 1770 1767 1980 2209 1898 1819 2060 1915 1964 1836 2430 1673 1581 1425 1322 1887 1132 1736 
1370 2154 1834 1649 1998 2184 2035 1757 1865 1740 1516 2028 2048 2176 1668 1276 1187 2287 1334 1681 
1663 2162 1631 1644 1819 2284 2027 2072 2051 1685 1576 1930 2305 2076 1682 1256 1316 2133 1394 2036 
1220 2119 1618 1610 1625 1646 1585 1684 1696 1584 1490 1669 1744 1981 1490 1351 1217 1674 1157 1842 
2141 2441 2288 2366 2670 2757 2471 2695 2862 2416 1908 2793 3088 3022 2286 1429 2007 2398 1635 2655 
