20 20 20 20
12 12 11 10 13 1 16 2 6 19 7 14 20 6 3 19 7 13 3 0
6 14 12 14 0 6 1 20 5 14 8 15 17 8 19 5 1 3 5 18
20 1 15 10 18 8 4 6 19 15 3 19 19 17 4 4 4 12 4 7
1 4 18 18 7 16 2 16 20 2 10 2 2 14 12 20 9 17 8 4
18 8 5 18 1 4 17 17 3 4 14 14 4 9 15 18 18 19 19 10
18 10 9 12 10 8 17 20 0 1 1 11 13 18 14 13 7 14 6 0
12 14 2 20 5 7 9 17 12 9 11 7 11 4 7 1 4 0 2 2
19 3 9 0 14 1 1 16 19 5 12 10 8 16 17 18 0 4 5 6
8 10 0 12 10 13 3 4 16 0 15 2 12 3 3 3 5 9 14 3
4 14 19 4 13 11 19 4 12 8 7 2 14 17 3 14 2 12 4 15
18 19 16 20 0 10 5 5 3 11 2 5 20 19 19 14 11 12 8 19
10 0 6 18 19 19 18 15 11 7 15 9 16 2 20 10 2 0 7 13
19 18 16 2 5 20 19 2 4 2 1 1 10 4 15 12 0 9 11 18
3 15 3 10 1 11 8 14 10 8 14 18 13 19 14 13 10 6 12 3
15 8 5 19 3 4 7 1 1 9 13 3 14 9 1 15 15 18 3 16
12 19 4 16 2 1 5 7 15 8 10 0 9 18 8 18 16 2 7 2
20 4 5 4 13 8 17 15 8 7 9 6 8 2 11 12 2 2 20 8
14 5 1 17 11 15 0 5 1 4 0 13 11 16 4 4 9 15 20 19
2 6 9 8 15 6 7 10 9 7 16 3 7 11 4 0 0 16 20 11
18 5 14 12 20 14 15 0 6 3 17 10 16 4 19 20 14 15 4 20
10 17 3 7 20 18 16 10 10 15 3 19 17 4 18 1 11 19 7 2
14 1 20 12 8 13 19 12 15 1 20 17 20 2 20 9 10 7 3 15
5 10 17 15 18 10 14 18 19 7 8 19 8 1 13 3 16 0 5 12
20 19 5 2 16 12 3 10 12 19 16 6 14 11 5 15 0 14 3 1
9 19 7 1 19 12 12 0 13 5 4 11 13 13 14 15 9 14 8 20
9 17 5 5 14 15 4 13 15 7 0 3 12 12 4 3 12 8 6 4
1 8 13 6 19 2 5 18 9 8 6 5 20 19 13 4 1 20 3 4
1 14 14 4 2 19 17 3 19 5 6 13 1 8 0 12 0 18 1 4
8 19 12 13 16 2 10 5 6 10 13 2 10 14 13 19 15 1 9 12
13 20 20 7 1 11 5 2 0 15 12 5 12 7 3 15 7 8 1 7
7 12 3 15 7 3 0 6 2 15 4 10 2 14 1 2 14 4 2 9
4 5 20 18 4 17 17 16 13 1 8 14 18 18 7 3 13 19 2 18
2 5 15 20 5 9 8 16 14 0 0 8 19 11 13 6 0 1 7 19
12 17 8 17 16 11 8 16 13 15 7 9 19 1 8 6 8 16 7 10
16 7 12 17 2 15 10 8 15 17 16 15 10 20 2 9 2 15 2 7
9 1 11 10 14 19 11 11 14 18 11 17 14 14 8 0 5 9 18 6
19 4 0 0 7 20 15 9 17 3 15 2 17 7 0 7 12 12 1 18
0 9 4 7 1 7 0 17 19 14 12 7 16 20 11 6 5 4 4 11
6 16 7 9 8 15 15 10 2 8 19 8 4 15 8 10 0 20 19 12
8 2 12 9 5 2 20 11 1 5 0 20 1 13 14 0 14 1 15 18