20 10 10 3
1 15 29 7 4 4 10 11 0 10
1 8 15 10 5 28 23 14 5 16
8 25 3 14 0 18 28 13 30 25
14 21 18 30 10 0 14 20 3 7
12 4 24 6 19 4 9 19 23 6
2 1 25 13 7 18 21 11 20 5
13 14 18 8 9 11 18 3 1 19
14 4 8 22 7 29 17 28 13 26
10 16 11 21 18 27 15 3 27 4
20 20 28 6 13 8 15 1 18 12
16 16 12 20 26 20 25 24 27 1
9 28 26 4 8 0 3 16 7 3
7 12 27 20 24 20 21 11 4 21
12 17 25 30 3 15 16 29 5 8
27 7 22 15 9 5 15 6 14 3
8 11 0 2 6 22 30 13 4 19
25 1 19 15 9 22 16 30 7 2
30 18 30 1 1 27 22 16 14 17
20 26 26 20 26 28 30 4 26 5
11 23 3 8 9 9 10 5 12 7
25 17 29
13 14 5
14 18 23
5 25 16
30 16 9
9 12 20
23 6 4
7 0 20
9 2 4
3 23 29
3 6 6 4
3087 1128 1574 552 1635 2344
4203 5913 4645 563 3298 5247
3927 4725 2339 5243 3651 3756
493 1806 393 5442
976 3746 5729 2953
2569 216 3227 5858
2937 930 155  49
4150 302 155 4472
341 5641 1425 4556