10 10 8 8
-5560 -6310 -5831 -6217 -6099 -5523 630 589 1370 -3076
-2323 -5652 -3883 -2555 4532 -1907 6167 1497 -3715 -3270
-5238 3813 566 -2404 4883 -4475 -1475 2602 109 -4729
790 2109 2277 -5913 -1492 -440 -1546 3191 -569 4565
638 616 -6143 4416 5177 -4671 -3860 -2691 6379 740
-1408 5980 -1804 -3384 -1117 -4589 2845 -2229 -4939 -498
-3545 -6432 -1130 5784 398 -3315 5674 -1683 -6287 1356
-5665 2029 -5201 6241 -3872 3979 5388 2239 -242 -3176
1438 -1438 6040 -636 5422 1587 2379 5394 -54 903
1359 -4866 -5019 1699 -5984 -5619 1062 3979 -1525 990
-2219 -4396 411 1768 5324 -3943 4227 550
-1056 306 4786 -4257 1865 525 -5841 4965
4762 -3564 6173 -3112 1511 5428 6337 -5466
4233 4944 5200 4370 -5179 -4595 5507 1025
3438 -5129 5261 -1018 -1295 -466 -2183 -3817
-4072 3473 -3736 5310 3996 -3242 4315 -501
1134 -4582 1036 1477 -4212 -2749 -658 796
-4237 -4342 -3467 672 -2287 5955 -3987 -3857