27434 36830 78039 115652 168983 87203 137721 83462 69339 82070 5469772 7343140 15559362 23058616 33691714 17386474 27458718 16640596 13824762 16363060 3663858 4918710 10422243 15445524 22567971 11646111 18392877 11146494 9260343 10960590 416240 558800 1184040 1754720 2563880 1323080 2089560 1266320 1052040 1245200 -4671348 -6271260 -13288158 -19692744 -28773726 -14848566 -23450562 -14211564 -11806758 -13974540 340560 457200 968760 1435680 2097720 1082520 1709640 1036080 860760 1018800
62118 2871 151293 80678 186963 34423 87725 7540 61306 149234 12385044 572418 30164694 16085524 37276554 6863234 17490550 1503320 12223148 29754172 8295966 383427 20205441 10774686 24969231 4597251 11715825 1006980 8187522 19930458 942480 43560 2295480 1224080 2836680 522280 1331000 114400 930160 2264240 -10577196 -488862 -25761546 -13737516 -31835286 -5861406 -14937450 -1283880 -10438932 -25410948 771120 35640 1878120 1001520 2320920 427320 1089000 93600 761040 1852560
128963 181975 52345 61451 53186 60552 187021 70383 62089 158079 25712554 36282050 10436510 12252058 10604188 12072816 37288118 14032914 12379262 31517682 17223231 24303075 6990765 8206887 7103082 8086824 24976977 9399771 8292093 21111723 1956680 2761000 794200 932360 806960 918720 2837560 1067880 942040 2398440 -21959286 -30985950 -8913090 -10463622 -9056292 -10310544 -31845162 -11984526 -10572258 -26917038 1600920 2259000 649800 762840 660240 751680 2321640 873720 770760 1962360
179423 130384 139461 1827 48517 62611 169882 11020 26100 165358 35773234 25995872 27805638 364266 9673286 12483338 33870956 2197160 5203800 32968964 23962251 17413008 18625257 243999 6479529 8361807 22688034 1471740 3485700 22083846 2722280 1978240 2115960 27720 736120 949960 2577520 167200 396000 2508880 -30551406 -22201248 -23746842 -311094 -8261274 -10661142 -28926804 -1876440 -4444200 -28156476 2227320 1618560 1731240 22680 602280 777240 2108880 136800 324000 2052720
159152 121104 6032 131254 38164 167852 39643 20358 103588 152598 31731616 24145632 1202656 26169332 7609112 33466216 7903994 4058964 20653304 30424884 21255024 16173648 805584 17529198 5096868 22416924 5294391 2718846 13834356 20379726 2414720 1837440 91520 1991440 579040 2546720 601480 308880 1571680 2315280 -27099744 -20621088 -1027104 -22349388 -6498408 -28581144 -6750246 -3466476 -17638536 -25983756 1975680 1503360 74880 1629360 473760 2083680 492120 252720 1285920 1894320
185223 103820 58696 155962 89494 49358 176842 104661 154280 153265 36929634 20699560 11702768 31095596 17843252 9840964 35258636 20867238 30760240 30557870 24736851 13865340 7838952 20828994 11952078 6591846 23617554 13977657 20604360 20468805 2810280 1575200 890560 2366320 1357840 748880 2683120 1587960 2340800 2325400 -31539006 -17678040 -9994512 -26556564 -15238668 -8404476 -30111924 -17821242 -26270160 -26097330 2299320 1288800 728640 1936080 1110960 612720 2195280 1299240 1915200 1902600
131254 28333 157035 74791 65917 74530 97121 55361 152859 160602 26169332 5649014 31309530 14911778 13142486 14859740 19363918 11037838 30476922 32020716 17529198 3783921 20972295 9988467 8803329 9953610 12970677 7393557 20414583 21448674 1991440 429880 2382600 1134760 1000120 1130800 1473560 839960 2319240 2436720 -22349388 -4824426 -26739270 -12735102 -11224074 -12690660 -16537362 -9426642 -26028198 -27346644 1629360 351720 1949400 928440 818280 925200 1205640 687240 1897560 1993680
173594 168548 33379 106604 5191 114666 37352 88276 19575 3364 34611052 33604984 6655082 21254632 1034978 22862028 7447216 17600408 3902850 670712 23183778 22509876 4457823 14237148 693267 15313842 4988424 11789412 2614275 449268 2633840 2557280 506440 1617440 78760 1739760 566720 1339360 297000 51040 -29558868 -28699656 -5683638 -18152088 -883902 -19524852 -6360144 -15031272 -3333150 -572808 2154960 2092320 414360 1323360 64440 1423440 463680 1095840 243000 41760
109475 7859 170317 161356 162806 72935 79837 34394 168229 177973 21827050 1566922 33957686 32171048 32460148 14541730 15917846 6857452 33541382 35484134 14620575 1049583 22746129 21549372 21743022 9740595 10662369 4593378 22467273 23768601 1661000 119240 2584120 2448160 2470160 1106600 1211320 521840 2552440 2700280 -18640950 -1338198 -29000874 -27475032 -27721932 -12419070 -13594314 -5856468 -28645338 -30304506 1359000 97560 2114280 2003040 2021040 905400 991080 426960 2088360 2209320
14993 50431 156310 15718 153845 151641 170172 87667 8845 18995 2989294 10054898 31164980 3133844 30673510 30234078 33928776 17478986 1763510 3787210 2002341 6735147 20875470 2099166 20546265 20251917 22726764 11708079 1181265 2536815 227480 765160 2371600 238480 2334200 2300760 2581920 1330120 134200 288200 -2552946 -8587182 -26615820 -2676396 -26196090 -25820802 -28976184 -14927574 -1506090 -3234390 186120 626040 1940400 195120 1909800 1882440 2112480 1088280 109800 235800
-5632484 -7561580 -16022214 -23744552 -34693958 -17903678 -28275546 -17135612 -14236014 -16849820 2455816 3296920 6985836 10352848 15126892 7806172 12328404 7471288 6207036 7346680 -5377064 -7218680 -15295644 -22667792 -33120668 -17091788 -26993316 -16358552 -13590444 -16085720 -3718726 -4992370 -10578321 -15676828 -22905937 -11820517 -18668319 -11313418 -9399021 -11124730 -1895784 -2545080 -5392764 -7991952 -11677308 -6026028 -9516996 -5767512 -4791564 -5671320 654632 878840 1862172 2759696 4032284 2080844 3286308 1991576 1654572 1958360
-12753468 -589446 -31062018 -16564028 -38385438 -7067398 -18010850 -1548040 -12586756 -30639284 5560632 257004 13543332 7222072 16736412 3081452 7852900 674960 5487944 13359016 -12175128 -562716 -29653428 -15812888 -36644748 -6746908 -17194100 -1477840 -12015976 -29249864 -8420202 -389169 -20508027 -10936042 -25343157 -4666097 -11891275 -1022060 -8310134 -20228926 -4292568 -198396 -10454868 -5575128 -12919788 -2378748 -6062100 -521040 -4236456 -10312584 1482264 68508 3610164 1925144 4461324 821404 2093300 179920 1462888 3561032
-26477438 -37361350 -10746970 -12616526 -10919636 -12431952 -38397346 -14450358 -12747514 -32455254 11544412 16289900 4685780 5500924 4761064 5420448 16741604 6300492 5558036 14150796 -25276748 -35667100 -10259620 -12044396 -10424456 -11868192 -36656116 -13795068 -12169444 -30983484 -17481157 -24667025 -7095455 -8329789 -7209454 -8207928 -25351019 -9540537 -8416271 -21427881 -8911788 -12575100 -3617220 -4246476 -3675336 -4184352 -12923796 -4863708 -4290564 -10923804 3077324 4342300 1249060 1466348 1269128 1444896 4462708 1679484 1481572 3772092
-36837398 -26769184 -28632786 -375102 -9961042 -12854686 -34878532 -2262520 -5358600 -33949708 16061452 11671616 12484164 163548 4343108 5604764 15207368 986480 2336400 14802392 -35166908 -25555264 -27334356 -358092 -9509332 -12271756 -33296872 -2159920 -5115600 -32410168 -24321097 -17673776 -18904179 -247653 -6576563 -8487029 -23027798 -1493780 -3537900 -22414562 -12398748 -9009984 -9637236 -126252 -3352692 -4326636 -11739432 -761520 -1803600 -11426808 4281404 3111232 3327828 43596 1157716 1494028 4053736 262960 622800 3945784
-32675552 -24863904 -1238432 -26947804 -7835464 -34461752 -8139118 -4179708 -21267688 -31329948 14246848 10840896 539968 11749496 3416336 15025648 3548732 1822392 9272912 13660152 -31193792 -23736384 -1182272 -25725784 -7480144 -32898992 -7770028 -3990168 -20303248 -29909208 -21573328 -16415856 -817648 -17791706 -5173196 -22752628 -5373677 -2759562 -14041532 -20684922 -10997952 -8368704 -416832 -9070104 -2637264 -11599152 -2739468 -1406808 -7158288 -10545048 3797696 2889792 143936 3131992 910672 4005296 945964 485784 2471824 3641304
-38028198 -21315320 -12050896 -32020612 -18374044 -10133708 -36307492 -21487986 -31675280 -31466890 16580652 9293680 5254304 13961288 8011256 4418392 15830408 9368964 13810720 13719860 -36303708 -20348720 -11504416 -30568552 -17540824 -9674168 -34661032 -20513556 -30238880 -30039940 -25107297 -14072980 -7956344 -21140918 -12131066 -6690562 -23971238 -14186979 -20912920 -20775335 -12799548 -7174320 -4056096 -10777512 -6184344 -3410808 -12220392 -7232436 -10661280 -10591140 4419804 2477360 1400608 3721576 2135512 1177784 4219816 2497428 3681440 3657220
-26947804 -5817058 -32240910 -15355366 -13533442 -15301780 -19939946 -11366186 -31383534 -32973252 11749496 2536292 14057340 6695084 5900708 6671720 8694004 4955764 13683516 14376648 -25725784 -5553268 -30778860 -14659036 -12919732 -14607880 -19035716 -10850756 -29960364 -31477992 -17791706 -3840587 -21286365 -10138049 -8935163 -10102670 -13164919 -7504279 -20720301 -21769878 -9070104 -1957908 -10851660 -5168316 -4555092 -5150280 -6711396 -3825636 -10563084 -11098152 3131992 676084 3747180 1784668 1572916 1778440 2317508 1321028 3647532 3832296
-35640644 -34604648 -6853054 -21886904 -1065766 -23542116 -7668752 -18123976 -4018950 -690664 15539656 15087952 2987996 9542896 464684 10264584 3343648 7902224 1752300 301136 -34024424 -33035408 -6542284 -20894384 -1017436 -22474536 -7320992 -17302096 -3836700 -659344 -23530966 -22846972 -4524581 -14450356 -703649 -15543174 -5063128 -11965964 -2653425 -455996 -11995944 -11647248 -2306604 -7366704 -358716 -7923816 -2581152 -6100176 -1352700 -232464 4142312 4021904 796492 2543792 123868 2736168 891296 2106448 467100 80272
-22476350 -1613534 -34967842 -33128056 -33425756 -14974310 -16391362 -7061444 -34539154 -36539698 9799900 703516 15246308 14444144 14573944 6528940 7146788 3078856 15059396 15931652 -21457100 -1540364 -33382132 -31625776 -31909976 -14295260 -15648052 -6741224 -32972884 -34882708 -14839525 -1065301 -23086763 -21872084 -22068634 -9886465 -10822043 -4662166 -22803731 -24124547 -7565100 -543084 -11769492 -11150256 -11250456 -5040060 -5517012 -2376744 -11625204 -12298548 2612300 187532 4064116 3850288 3884888 1740380 1905076 820712 4014292 4246804
-3078218 -10354006 -32092060 -3227068 -31585970 -31133466 -34938072 -17998942 -1815970 -3899870 1342132 4514444 13992440 1407032 13771780 13574484 15233328 7847708 791780 1700380 -2938628 -9884476 -30636760 -3080728 -30153620 -29721636 -33353712 -17182732 -1733620 -3723020 -2032327 -6836009 -21188090 -2130602 -20853955 -20555199 -23067108 -11883413 -1198955 -2574805 -1036068 -3484956 -10801560 -1086168 -10631220 -10478916 -11759472 -6058092 -611220 -1312620 357764 1203388 3729880 375064 3671060 3618468 4060656 2091916 211060 453260
-1076548 -1445260 -3062358 -4538344 -6631126 -3421966 -5404362 -3275164 -2720958 -3220540 -2156880 -2895600 -6135480 -9092640 -13285560 -6855960 -10827720 -6561840 -5451480 -6452400 -5343008 -7172960 -15198768 -22524224 -32910896 -16983536 -26822352 -16254944 -13504368 -15983840 -3925900 -5270500 -11167650 -16550200 -24182050 -12479050 -19708350 -11943700 -9922650 -11744500 -2860704 -3840480 -8137584 -12059712 -17620848 -9093168 -14360976 -8703072 -7230384 -8557920 3262754 4380230 9281259 13754612 20097323 10371143 16379301 9926222 8246559 9760670
-2437596 -112662 -5936946 -3165916 -7336686 -1350806 -3442450 -295880 -2405732 -5856148 -4883760 -225720 -11894760 -6342960 -14699160 -2706360 -6897000 -592800 -4819920 -11732880 -12098016 -559152 -29465616 -15712736 -36412656 -6704176 -17085200 -1468480 -11939872 -29064608 -8889300 -410850 -21650550 -11545300 -26755050 -4926050 -12553750 -1079000 -8773100 -21355900 -6477408 -299376 -15776208 -8412768 -19495728 -3589488 -9147600 -786240 -6392736 -15561504 7387758 341451 17993433 9595118 22235703 4093963 10433225 896740 7291186 17748554
-5060686 -7140950 -2054090 -2411422 -2087092 -2376144 -7338962 -2761926 -2436458 -6203238 -10139160 -14307000 -4115400 -4831320 -4181520 -4760640 -14703720 -5533560 -4881480 -12428280 -25116656 -35441200 -10194640 -11968112 -10358432 -11793024 -36423952 -13707696 -12092368 -30787248 -18455050 -26041250 -7490750 -8793850 -7611100 -8665200 -26763350 -10072050 -8885150 -22621650 -13447728 -18975600 -5458320 -6407856 -5546016 -6314112 -19501776 -7339248 -6474384 -16483824 15337703 21642475 6225445 7308431 6325466 7201512 22242601 8370723 7384309 18800499
-7040806 -5116448 -5472642 -71694 -1903874 -2456942 -6666404 -432440 -1024200 -6488876 -14106360 -10250880 -10964520 -143640 -3814440 -4922520 -13356240 -866400 -2052000 -13000560 -34944176 -25393408 -27161232 -355824 -9449104 -12194032 -33085984 -2146240 -5083200 -32204896 -25676050 -18658400 -19957350 -261450 -6942950 -8959850 -24310700 -1577000 -3735000 -23663300 -18709488 -13595904 -14542416 -190512 -5059152 -6528816 -17714592 -1149120 -2721600 -17242848 21338963 15506704 16586241 217287 5770177 7446391 20204242 1310620 3104100 19666198
-6245344 -4752288 -236704 -5150588 -1497608 -6586744 -1555646 -798876 -4064936 -5988156 -12512640 -9521280 -474240 -10319280 -3000480 -13196640 -3116760 -1600560 -8144160 -11997360 -30996224 -23586048 -1174784 -25562848 -7432768 -32690624 -7720816 -3964896 -20174656 -29719776 -22775200 -17330400 -863200 -18782900 -5461400 -24020200 -5673050 -2913300 -14823800 -21837300 -16595712 -12628224 -628992 -13686624 -3979584 -17502912 -4133808 -2122848 -10801728 -15912288 18928112 14403024 717392 15610174 4538884 19962812 4714783 2421198 12319828 18148638
-7268406 -4074040 -2303312 -6120164 -3511868 -1936876 -6939524 -4107042 -6054160 -6014330 -14562360 -8162400 -4614720 -12261840 -7036080 -3880560 -13903440 -8228520 -12129600 -12049800 -36073776 -20219840 -11431552 -30374944 -17429728 -9612896 -34441504 -20383632 -30047360 -29849680 -26506050 -14857000 -8399600 -22318700 -12806900 -7063300 -25306700 -14977350 -22078000 -21932750 -19314288 -10825920 -6120576 -16263072 -9332064 -5146848 -18440352 -10913616 -16087680 -15981840 22028763 12347420 6980776 18548722 10643614 5870198 21032002 12447441 18348680 18227965
-5150588 -1111826 -6162270 -2934902 -2586674 -2924660 -3811162 -2172442 -5998398 -6302244 -10319280 -2227560 -12346200 -5880120 -5182440 -5859600 -7635720 -4352520 -12017880 -12626640 -25562848 -5518096 -30583920 -14566192 -12837904 -14515360 -18915152 -10782032 -29770608 -31278624 -18782900 -4054550 -22472250 -10702850 -9432950 -10665500 -13898350 -7922350 -21874650 -22982700 -13686624 -2954448 -16374960 -7798896 -6873552 -7771680 -10127376 -5772816 -15939504 -16746912 15610174 3369673 18676335 8894971 7839577 8863930 11550701 6584141 18179679 19100562
-6812068 -6614056 -1309838 -4183288 -203702 -4499652 -1465744 -3464072 -768150 -132008 -13648080 -13251360 -2624280 -8381280 -408120 -9015120 -2936640 -6940320 -1539000 -264480 -33808928 -32826176 -6500848 -20762048 -1010992 -22332192 -7274624 -17192512 -3812400 -655168 -24841900 -24119800 -4776650 -15255400 -742850 -16409100 -5345200 -12632600 -2801250 -481400 -18101664 -17575488 -3480624 -11116224 -541296 -11956896 -3894912 -9205056 -2041200 -350784 20645714 20045588 3969799 12678524 617371 13637346 4442312 10498756 2328075 400084
-4295950 -308398 -6683474 -6331832 -6388732 -2862070 -3132914 -1349668 -6601538 -6983906 -8607000 -617880 -13390440 -12685920 -12799920 -5734200 -6276840 -2704080 -13226280 -13992360 -21321200 -1530608 -33170704 -31425472 -31707872 -14204720 -15548944 -6698528 -32764048 -34661776 -15666250 -1124650 -24372950 -23090600 -23298100 -10437250 -11424950 -4921900 -24074150 -25468550 -11415600 -819504 -17759952 -16825536 -16976736 -7605360 -8325072 -3586464 -17542224 -18558288 13019975 934679 20255977 19190236 19362686 8674235 9495097 4090514 20007649 21166513
-588346 -1978982 -6133820 -616796 -6037090 -5950602 -6677784 -3440174 -347090 -745390 -1178760 -3964920 -12289200 -1235760 -12095400 -11922120 -13379040 -6892440 -695400 -1493400 -2920016 -9821872 -30442720 -3061216 -29962640 -29533392 -33142464 -17073904 -1722640 -3699440 -2145550 -7216850 -22368500 -2249300 -22015750 -21700350 -24352200 -12545450 -1265750 -2718250 -1563408 -5258736 -16299360 -1639008 -16042320 -15812496 -17744832 -9141552 -922320 -1980720 1783133 5997811 18590110 1869358 18296945 18034821 20238732 10426327 1051945 2259095
4892712 6568440 13917852 20625936 30137244 15552204 24561828 14885016 12366252 14636760 6053454 8126730 17219709 25519212 37286973 19241793 30388851 18416322 15300009 18109170 -4820816 -6471920 -13713336 -20322848 -29694392 -15323672 -24200904 -14666288 -12184536 -14421680 5024206 6744970 14291901 21180268 30947197 15970177 25221939 15285058 12698601 15030130 1831456 2458720 5209776 7720768 11281072 5821552 9194064 5571808 4628976 5478880 -3748052 -5031740 -10661742 -15800456 -23086574 -11913734 -18815538 -11402636 -9473142 -11212460
11078424 512028 26982324 14388504 33343884 6139164 15645300 1344720 10933608 26615112 13706658 633501 33383583 17802018 41254353 7595613 19356975 1663740 13527486 32929254 -10915632 -504504 -26585832 -14177072 -32853912 -6048952 -15415400 -1324960 -10772944 -26224016 11376162 525789 27707487 14775202 34240017 6304157 16065775 1380860 11227454 27330406 4146912 191664 10100112 5385952 12481392 2298032 5856400 503360 4092704 9962656 -8486604 -392238 -20669754 -11022284 -25543014 -4702894 -11985050 -1030120 -8375668 -20388452
22999884 32454300 9335460 10959468 9485448 10799136 33354228 12552444 11073252 28192572 28456353 40153725 11550195 13559481 11735766 13361112 41267151 15530373 13700259 34880949 -22661912 -31977400 -9198280 -10798424 -9346064 -10640448 -32864104 -12367992 -10910536 -27778296 23618017 33326525 9586355 11254009 9740374 11089368 34250639 12889797 11370851 28950261 8609392 12148400 3494480 4102384 3550624 4042368 12485264 4698672 4144976 10553136 -17619014 -24861550 -7151410 -8395478 -7266308 -8272656 -25550938 -9615774 -8482642 -21596862
31999164 23253312 24872148 325836 8652756 11166348 30297576 1965360 4654800 29490744 39590613 28769904 30772791 403137 10705527 13815441 37485342 2431620 5759100 36487098 -31528952 -22911616 -24506664 -321048 -8525608 -11002264 -29852368 -1936480 -4586400 -29057392 32859157 23878256 25540599 334593 8885303 11466449 31111838 2018180 4779900 30283322 11978032 8704256 9310224 121968 3238928 4179824 11341088 735680 1742400 11039072 -24512894 -17813152 -19053258 -249606 -6628426 -8553958 -23209396 -1505560 -3565800 -22591324
28383936 21598272 1075776 23408472 6806352 29935536 7070124 3630744 18474384 27215064 35117712 26722224 1330992 28961874 8421084 37037412 8747433 4492098 22857228 33671538 -27966848 -21280896 -1059968 -23064496 -6706336 -29495648 -6966232 -3577392 -18202912 -26815152 29146768 22178736 1104688 24037586 6989276 30740068 7260137 3728322 18970892 27946482 10624768 8084736 402688 8762336 2547776 11205568 2646512 1359072 6915392 10187232 -21743456 -16545312 -824096 -17932012 -5213992 -22932056 -5416054 -2781324 -14152264 -20848044
33033564 18515760 10468128 27815016 15960792 8802744 31538856 18665748 27515040 27334020 40870413 22908420 12951576 34413822 19747314 10891098 39021102 23093991 34042680 33818715 -32548152 -18243680 -10314304 -27406288 -15726256 -8673392 -31075408 -18391464 -27110720 -26932360 33921357 19013380 10749464 28562558 16389746 9039322 32386478 19167399 28254520 28068635 12365232 6930880 3918464 10411808 5974496 3295072 11805728 6987024 10299520 10231760 -25305294 -14183960 -8019088 -21307636 -12226732 -6743324 -24160276 -14298858 -21077840 -20939170
23408472 5053044 28006380 13338588 11755956 13292040 17321028 9873348 27261612 28642536 28961874 6251823 34650585 16503021 14544927 16445430 21430251 12215691 33729129 35437662 -23064496 -4978792 -27594840 -13142584 -11583208 -13096720 -17066504 -9728264 -26861016 -28221648 24037586 5188847 28759065 13697069 12071903 13649270 17786539 10138699 27994281 29412318 8762336 1891472 10483440 4992944 4400528 4975520 6483664 3695824 10204656 10721568 -17932012 -3870874 -21454230 -10217998 -9005626 -10182340 -13268738 -7563458 -20883702 -21941556
30959592 30059664 5952972 19012272 925788 20450088 6661536 15743568 3491100 599952 38304414 37190988 7365249 23522724 1145421 25301646 8241912 19478556 4319325 742284 -30504656 -29617952 -5865496 -18732896 -912184 -20149584 -6563648 -15512224 -3439800 -591136 31791646 30867532 6112961 19523236 950669 20999694 6840568 16166684 3584925 616076 11588896 11252032 2228336 7116736 346544 7654944 2493568 5893184 1306800 224576 -23716532 -23027144 -4560262 -14564312 -709198 -15665748 -5103056 -12060328 -2674350 -459592
19524300 1401612 30375156 28777008 29035608 13007580 14238516 6133992 30002772 31740564 24156225 1734129 37581327 35604036 35923986 16093485 17616447 7589214 37120599 39270663 -19237400 -1381016 -29928808 -28354144 -28608944 -12816440 -14029288 -6043856 -29561896 -31274152 20049025 1439281 31191503 29550404 29815954 13357165 14621183 6298846 30809111 32593607 7308400 524656 11370128 10771904 10868704 4869040 5329808 2296096 11230736 11881232 -14956550 -1073702 -23268826 -22044568 -22242668 -9964430 -10907386 -4698932 -22983562 -24314794
2673924 8994108 27877080 2803224 27437460 27044388 30349296 15634956 1577460 3387660 3308283 11127861 34490610 3468258 33946695 33460371 37549332 19344177 1951695 4191345 -2634632 -8861944 -27467440 -2762032 -27034280 -26646984 -29903328 -15405208 -1554280 -3337880 2745787 9235829 28626290 2878562 28174855 27771219 31164948 16055153 1619855 3478705 1000912 3366704 10435040 1049312 10270480 10123344 11360448 5852528 590480 1268080 -2048354 -6889918 -21355180 -2147404 -21018410 -20717298 -23249016 -11977126 -1208410 -2595110
1037762 1393190 2952027 4374836 6392219 3298679 5209653 3157166 2622927 3104510 -2765158 -3712210 -7865793 -11656924 -17032321 -8789461 -13881327 -8412394 -6988893 -8272090 -5715732 -7673340 -16259022 -24095496 -35206734 -18168294 -28693458 -17388876 -14446422 -17098860 863698 1159510 2456883 3641044 5320051 2745391 4335837 2627614 2182983 2583790 3165316 4249420 9004086 13343848 19497142 10061422 15890154 9629788 8000286 9469180 1380214 1852930 3926169 5818492 8501593 4387213 6928791 4199002 3488469 4128970
2349774 108603 5723049 3051854 7072359 1302139 3318425 285220 2319058 5645162 -6261066 -289377 -15249291 -8131786 -18844581 -3469601 -8842075 -759980 -6179222 -15041758 -12941964 -598158 -31521114 -16808844 -38952774 -7171854 -18277050 -1570920 -12772788 -31092132 1955646 90387 4763121 2539966 5886111 1083731 2761825 237380 1930082 4698298 7167132 331254 17456082 9308572 21571662 3971702 10121650 869960 7073444 17218516 3125178 144441 7611603 4058938 9406173 1731833 4413475 379340 3084326 7508014
4878359 6883675 1980085 2324543 2011898 2290536 7074553 2662419 2348677 5979747 -12998581 -18341825 -5276015 -6193837 -5360782 -6103224 -18850427 -7094121 -6258143 -15933273 -26868774 -37913550 -10905810 -12802998 -11081028 -12615696 -38964858 -14663934 -12935922 -32934942 4060111 5729075 1647965 1934647 1674442 1906344 5887937 2215851 1954733 4976763 14879662 20996150 6039530 7090174 6136564 6986448 21578354 8120742 7163786 18239046 6488173 9155225 2633495 3091621 2675806 3046392 9409091 3540993 3123719 7953009
6787139 4932112 5275473 69111 1835281 2368423 6426226 416860 987300 6255094 -18084601 -13141808 -14056707 -184149 -4890179 -6310757 -17122934 -1110740 -2630700 -16666946 -37381854 -27164832 -29055978 -380646 -10108266 -13044678 -35394036 -2295960 -5437800 -34451484 5648731 4104848 4390617 57519 1527449 1971167 5348354 346940 821700 5205926 20701702 15043616 16090914 210798 5597858 7224014 19600868 1271480 3011400 19078892 9026833 6559664 7016331 91917 2440907 3149981 8546822 554420 1313100 8319218
6020336 4581072 228176 4965022 1443652 6349436 1499599 770094 3918484 5772414 -16041424 -12206448 -607984 -13229498 -3846668 -16918324 -3995741 -2051946 -10440956 -15380826 -33158496 -25231392 -1256736 -27346092 -7951272 -34971096 -8259414 -4241484 -21582024 -31793004 5010544 3812688 189904 4132238 1201508 5284444 1248071 640926 3261236 4804206 18362848 13972896 695968 15143996 4403336 19366648 4573982 2348892 11951912 17606652 8006992 6092784 303472 6603434 1920044 8444692 1994453 1024218 5211548 7677258
7006539 3927260 2220328 5899666 3385342 1867094 6689506 3959073 5836040 5797645 -18669201 -10464340 -5916152 -15719894 -9020378 -4974946 -17824454 -10549107 -15550360 -15448055 -38590254 -21630360 -12229008 -32493876 -18645612 -10283484 -36844116 -21805578 -32143440 -31931970 5831331 3268540 1847912 4910114 2817518 1553926 5567474 3295017 4857160 4825205 21370902 11978680 6772304 17994788 10325756 5694892 20403908 12075714 17800720 17683610 9318633 5223220 2953016 7846502 4502474 2483218 8896982 5265531 7761880 7710815
4965022 1071769 5940255 2829163 2493481 2819290 3673853 2094173 5782287 6075186 -13229498 -2855771 -15828045 -7538417 -6643979 -7512110 -9789127 -5580007 -15407133 -16187574 -27346092 -5903034 -32717430 -15582318 -13733466 -15527940 -20234658 -11534178 -31847382 -33460596 4132238 892001 4943895 2354627 2075249 2346410 3057637 1742917 4812423 5056194 15143996 3269042 18118590 8629334 7605458 8599220 11205754 6387514 17636766 18530148 6603434 1425443 7900485 3762761 3316307 3749630 4886191 2785231 7690389 8079942
6566642 6375764 1262647 4032572 196363 4337538 1412936 3339268 740475 127252 -17497078 -16988476 -3364373 -10744948 -523217 -11557542 -3764824 -8897612 -1973025 -339068 -36167412 -35116104 -6954342 -22210392 -1081518 -23890068 -7782096 -18391848 -4078350 -700872 5465218 5306356 1050863 3356188 163427 3610002 1175944 2779172 616275 105908 20029156 19446952 3851246 12299896 598934 13230084 4309648 10185224 2258550 388136 8733574 8479708 1679309 5363284 261161 5768886 1879192 4441196 984825 169244
4141175 297287 6442681 6103708 6158558 2758955 3020041 1301042 6363697 6732289 -11034325 -792133 -17166779 -16263572 -16409722 -7351345 -8047019 -3466678 -16956323 -17938451 -22808550 -1637382 -35484666 -33617688 -33919788 -15195630 -16633626 -7165812 -35049642 -37079754 3446575 247423 5362049 5079932 5125582 2296195 2513489 1082818 5296313 5603081 12631150 906766 19651058 18617144 18784444 8415190 9211538 3968356 19410146 20534402 5507725 395389 8568707 8117876 8190826 3669385 4016627 1730374 8463659 8953883
567149 1907683 5912830 594574 5819585 5736213 6437196 3316231 334585 718535 -1511191 -5083097 -15754970 -1584266 -15506515 -15284367 -17152164 -8836229 -891515 -1914565 -3123714 -10507038 -32566380 -3274764 -32052810 -31593618 -35454456 -18264966 -1842810 -3957510 472021 1587707 4921070 494846 4843465 4774077 5357484 2759999 278465 598015 1729882 5818694 18034940 1813532 17750530 17496234 19634328 10114958 1020530 2191630 754303 2537201 7864010 790778 7739995 7629111 8561412 4410557 444995 955645
770044 1033780 2190474 3246232 4743178 2447698 3865686 2342692 1946274 2303620 -4019554 -5396230 -11434059 -16945012 -24758923 -12776743 -20178501 -12228622 -10159359 -12024670 -768152 -1031240 -2185092 -3238256 -4731524 -2441684 -3856188 -2336936 -1941492 -2297960 -315964 -424180 -898794 -1331992 -1946218 -1004338 -1586166 -961252 -798594 -945220 3593854 4824730 10223109 15150412 22136773 11423593 18041451 10933522 9083409 10751170 5407336 7259320 15381756 22795408 33307132 17188012 27145284 16450648 13666956 16176280
1743588 80586 4246638 2264548 5247858 966218 2462350 211640 1720796 4188844 -9101358 -420651 -22167033 -11820718 -27393303 -5043563 -12853225 -1104740 -8982386 -21865354 -1739304 -80388 -4236204 -2258984 -5234964 -963844 -2456300 -211120 -1716568 -4178552 -715428 -33066 -1742478 -929188 -2153298 -396458 -1010350 -86840 -706076 -1718764 8137458 376101 19819383 10568818 24492153 4509413 11491975 987740 8031086 19549654 12243672 565884 29820372 15901912 36851052 6784892 17290900 1486160 12083624 29414536
3619858 5107850 1469270 1724866 1492876 1699632 5249486 1975578 1742774 4437114 -18895303 -26662475 -7669445 -9003631 -7792666 -8871912 -27401801 -10312323 -9097109 -23161299 -3610964 -5095300 -1465660 -1720628 -1489208 -1695456 -5236588 -1970724 -1738492 -4426212 -1485298 -2095850 -602870 -707746 -612556 -697392 -2153966 -810618 -715094 -1820634 16894153 23838725 6857195 8050081 6967366 7932312 24499751 9220173 8133659 20708349 25419052 35867900 10317380 12112204 10483144 11935008 36862484 13872732 12237956 31157916
5036218 3659744 3914526 51282 1361822 1757426 4768412 309320 732600 4641428 -26288563 -19103504 -20433441 -267687 -7108577 -9173591 -24890642 -1614620 -3824100 -24227798 -5023844 -3650752 -3904908 -51156 -1358476 -1753108 -4756696 -308560 -730800 -4630024 -2066458 -1501664 -1606206 -21042 -558782 -721106 -1956572 -126920 -300600 -1904468 23504413 17080304 18269391 239337 6355727 8202041 22254542 1443620 3419100 21661898 35364892 25699136 27488244 360108 9562868 12340844 33484328 2172080 5144400 32592632
4467232 3399264 169312 3684164 1071224 4711432 1112738 571428 2907608 4283268 -23318512 -17743824 -883792 -19230974 -5591684 -24593212 -5808383 -2982798 -15177428 -22358238 -4456256 -3390912 -168896 -3675112 -1068592 -4699856 -1110004 -570024 -2900464 -4272744 -1832992 -1394784 -69472 -1511684 -439544 -1933192 -456578 -234468 -1193048 -1757508 20848912 15864624 790192 17194274 4999484 21988612 5193233 2666898 13570028 19990338 31369408 23870016 1188928 25870616 7522256 33084208 7813772 4012632 20417552 30077592
5199018 2914120 1647536 4377692 2512004 1385428 4963772 2937726 4330480 4301990 -27138363 -15211420 -8599976 -22851122 -13112414 -7231798 -25910402 -15334641 -22604680 -22455965 -5186244 -2906960 -1643488 -4366936 -2505832 -1382024 -4951576 -2930508 -4319840 -4291420 -2133258 -1195720 -676016 -1796252 -1030724 -568468 -2036732 -1205406 -1776880 -1765190 24264213 13600420 7689176 20431022 11723714 6465898 23166302 13710591 20210680 20077715 36508092 20463280 11569184 30740648 17639576 9728632 34856168 20629044 30409120 30209060
3684164 795278 4407810 2099306 1850222 2091980 2726086 1553926 4290594 4507932 -19230974 -4151273 -23008335 -10958171 -9657977 -10919930 -14229901 -8111341 -22396479 -23530962 -3675112 -793324 -4396980 -2094148 -1845676 -2086840 -2719388 -1550108 -4280052 -4496856 -1511684 -326318 -1808610 -861386 -759182 -858380 -1118566 -637606 -1760514 -1849692 17194274 3711623 20571585 9797621 8635127 9763430 12722851 7252291 20024529 21038862 25870616 5584532 30952140 14741564 12992468 14690120 19142884 10911844 30129036 31655208
4872604 4730968 936914 2992264 145706 3218556 1048432 2477816 549450 94424 -25434514 -24695188 -4890599 -15619324 -760571 -16800546 -5472712 -12933956 -2868075 -492884 -4860632 -4719344 -934612 -2984912 -145348 -3210648 -1045856 -2471728 -548100 -94192 -1999324 -1941208 -384434 -1227784 -59786 -1320636 -430192 -1016696 -225450 -38744 22740814 22079788 4372649 13965124 680021 15021246 4893112 11564156 2564325 440684 34215976 33221392 6579116 21012016 1023164 22601064 7362208 17399504 3858300 663056
3072850 220594 4780622 4529096 4569796 2047210 2240942 965404 4722014 4995518 -16039975 -1151479 -24954377 -23641436 -23853886 -10686235 -11697497 -5039314 -24648449 -26076113 -3065300 -220052 -4768876 -4517968 -4558568 -2042180 -2235436 -963032 -4710412 -4983244 -1260850 -90514 -1961582 -1858376 -1875076 -840010 -919502 -396124 -1937534 -2049758 14341225 1029529 22311527 21137636 21327586 9554485 10458647 4505614 22037999 23314463 21577900 1549036 33570068 31803824 32089624 14375740 15736148 6779176 33158516 35079092
420838 1415546 4387460 441188 4318270 4256406 4776552 2460722 248270 533170 -2196733 -7389011 -22902110 -2302958 -22540945 -22218021 -24933132 -12844727 -1295945 -2783095 -419804 -1412068 -4376680 -440104 -4307660 -4245948 -4764816 -2454676 -247660 -531860 -172678 -580826 -1800260 -181028 -1771870 -1746486 -1959912 -1009682 -101870 -218770 1964083 6606461 20476610 2059058 20153695 19864971 22292532 11484377 1158695 2488345 2955172 9940124 30809240 3098072 30323380 29888964 33541488 17279468 1743380 3743980
