6 6 10 10
29 5782 3873 440 -4938 360
-5954 2596 -5684 -3931 -2004 692
-1138 -2280 -5648 -4150 -3024 3449
5172 6399 -5096 5311 1936 -3962
1097 -2923 -6042 913 3346 1459
814 -4249 -812 -334 3799 5716
946 1270 2691 3988 5827 3007 4749 2878 2391 2830
2142 99 5217 2782 6447 1187 3025 260 2114 5146
4447 6275 1805 2119 1834 2088 6449 2427 2141 5451
6187 4496 4809 63 1673 2159 5858 380 900 5702
5488 4176 208 4526 1316 5788 1367 702 3572 5262
6387 3580 2024 5378 3086 1702 6098 3609 5320 5285
4526 977 5415 2579 2273 2570 3349 1909 5271 5538
5986 5812 1151 3676 179 3954 1288 3044 675 116
3775 271 5873 5564 5614 2515 2753 1186 5801 6137
517 1739 5390 542 5305 5229 5868 3023 305 655